id,essay_text,id_prompt,grades,gemini_grades,gemini_output
1.html,"Hoje em dia a taxa de desemprego esta muito alta, isso é fato, mas não acho que seja realmente por falta de oportunidades, mas sim por falta de qualificação, existem muitos desempregados hoje, imagina futuramente! Parte da população hoje não possui ensino superior, o que ja é bem exigido, entre pessoas que tem ensino superior e pessoas que tem uma pós graduação, provavelmente vai contratar a pessoa que tem uma pós graduação.
Agora vamos falar do futuro que nós espera. Estamos no século da tecnologia e inovação onde cada vez mais maquinas ocupam o lugar de alguém, não só por falta de qualificação, mas também pela substituição de pessoas por maquinas. Também acho importante destacar que isso não so por deixar uma pessoa desempregada mas também faz com que á empresa economise dinheiro e tempo, sendo assim possa produzir mais.
Para finalizar acho importante dizer então que futuramente sem qualificação, o desemprego tenha uma taxa bem mais elevada que atualmente. Espero que as pessoas dê mais valor para os estudos, já que atualmente a taxa de jovens sem estudos é bem alta.",qualificacao-e-o-futuro-do-emprego,[120 120  80 120 120 560],"[80, 60, 40, 60, 60, 300]","response:
GenerateContentResponse(
    done=True,
    iterator=None,
    result=protos.GenerateContentResponse({
      ""candidates"": [
        {
          ""content"": {
            ""parts"": [
              {
                ""text"": ""[80, 60, 40, 60, 60, 300]\n""
              }
            ],
            ""role"": ""model""
          },
          ""finish_reason"": ""STOP"",
          ""avg_logprobs"": -0.002167942288976449
        }
      ],
      ""usage_metadata"": {
        ""prompt_token_count"": 387,
        ""candidates_token_count"": 26,
        ""total_token_count"": 413
      }
    }),
)"
16.html,"Em meio à chamada revolução tecnológica, os novos empregos que surgem requerem qualificação e especialização cada vez maiores. Isto denota uma preocupação tanto por parte dos estudantes, que não se sentem devidamente preparados para o mercado de trabalho, quanto de empresas as quais têm dificuldade para encontrar candidatos aptos a ocuparem cargos exigentes.
Pois ainda que as escolas abordem diversos assuntos, o sistema de ensino tradicional é incapaz de acompanhar as recentes exigências frente à automação do modo de produção, uma vez que mercado de trabalho está à procura de conhecimento prático e técnico. Segundo dados do Manpower Group, os empregadores reportam dificuldade em selecionar pessoas adequadas a vagas abertas. Enquanto isso, o sistema de ensino tradicional resiste em substituir o aprendizado generalizado pela iniciação técnica que dará o devido preparo ao estudante.
Além disto, a revolução tecnológica faz com que empresas necessitem buscar o aperfeiçoamento constante de seus empregados. Um estudo do Fórum Econômico Mundial mostra que, em grandes empresas, quase metade dos funcionários precisa passar por treinamento todos os anos. O desafio de manter uma produtividade cada vez maior exerce pressão sob uma população que já não sabe mais como se reinventar, sobrando para políticas públicas solucionar a defasagem, seja das instituições educacionais ou de mão de obra especializada.
Com isso, concluímos que o ensino de caráter técnico-científico é fundamental para se criar indivíduos qualificados em meio ao futuro tecnológico e automatizado. Desse modo, o Governo deve dar início a políticas públicas que busquem revisar o preparo ofertado por instituições educacionais, aprovando medidas as quais configuram o ensino técnico como obrigatório no currículo escolar, enquanto medidas econômicas são aplicadas a fim de incitar o aumento da oferta e da procura por cursos técnicos.",qualificacao-e-o-futuro-do-emprego,[160 120 160 120 120 680],"[160, 140, 120, 140, 140, 700]","response:
GenerateContentResponse(
    done=True,
    iterator=None,
    result=protos.GenerateContentResponse({
      ""candidates"": [
        {
          ""content"": {
            ""parts"": [
              {
                ""text"": ""[160, 140, 120, 140, 140, 700]\n""
              }
            ],
            ""role"": ""model""
          },
          ""finish_reason"": ""STOP"",
          ""avg_logprobs"": -0.003871564903566914
        }
      ],
      ""usage_metadata"": {
        ""prompt_token_count"": 955,
        ""candidates_token_count"": 31,
        ""total_token_count"": 986
      }
    }),
)"
17.html,"Eu acredito que os dois são muito importantes e um complementa o outro.O sucesso da Escola deve-se a convivência social, acesso a outras culturas e professores com qualificação e comprometimento.Convivência social: Aprende a conviver com pessoas com características diferentes, credos diferentes e outro tipo de educação, essa convivência faz com que nos tornemos mais tolerantes e menos preconceituosos.Acesso a outras Culturas: Temos muito preconceito com outras culturas pois não conhecemos, mas na escola nos ensinam que não é assim que sempre temos algo a aprender com o outro.Por outro lado o esforço individual nos mostra que é possível alcançar nossos sonhos e metas, através de interesses, curiosidades pessoais e comprometimento.Curiosidades pessoais: Aprender novos idiomas, se especializar em algo que ama fazer.Comprometimento: Definir uma meta e não desistir até alcança-la ",o-sucesso-vem-da-escola-ou-do-esforco-individual,[0 0 0 0 0 0],"[100, 80, 60, 80, 80, 400]","response:
GenerateContentResponse(
    done=True,
    iterator=None,
    result=protos.GenerateContentResponse({
      ""candidates"": [
        {
          ""content"": {
            ""parts"": [
              {
                ""text"": ""[100, 80, 60, 80, 80, 400]\n""
              }
            ],
            ""role"": ""model""
          },
          ""finish_reason"": ""STOP"",
          ""avg_logprobs"": -0.00010002234571233944
        }
      ],
      ""usage_metadata"": {
        ""prompt_token_count"": 2292,
        ""candidates_token_count"": 27,
        ""total_token_count"": 2319
      }
    }),
)"
2.html,"O mês de novembro iniciou-se com grande discussão, pois o Supremo Tribunal Federal (STF) está definindo se o réu deverá ficar preso ou permanecer solto até recorrer às últimas instâncias. Atualmente a legislação brasileira, em consonância com leis de países que inspiram nosso sistema criminal, possibilita as prisões de réus após condenações de segunda instância.
Esse debate é característico do STF, que sendo órgão máximo da justiça do país discorre sobre questões jurisprudenciais, ou seja, os aspectos referentes às decisões, aplicações e interpretações das leis.
A Corte Suprema pode mudar esse posicionamento, permitindo que os encarceramentos somente ocorram após o esgotamento das possibilidades recursais ao Superior Tribunal de Justiça (STJ) e ao próprio STF. A base legal para mudança, caso aconteça, é a Constituição Federal que diz ""ninguém será considerado culpado até o trânsito em julgado de sentença penal condenatória"".
Percebe-se um grande impasse, por um lado a mudança do atual posicionamento acarretará aumento de criminosos às soltas aguardando julgamento - julgamento esse que já é moroso-, uma vez que a condenação só poderá acontecer após o julgamento do STJ e STF. Por outro lado, a conservação do entendimento em vigor pode ser compreendida como violação de um direito constitucional, já que haverá possibilidade de recursos às 3ª e 4ª instâncias.
Luiza Cristina Frischeisen, do Ministério Público Federal, considera que ""se o STF decidir que a decisão ocorra somente após o trânsito em julgado (esgotados todos os recursos), o Brasil ficará extremamente isolado, em matéria penal, entre outros países democráticos. Uma decisão nesse sentido favorece a impunidade"", infelizmente a impunidade é bem conhecida no país, e aumentá-la fará com que o brasileiro desacredite ainda mais na justiça do país.",um-reu-deve-ou-nao-ser-preso-apos-a-condenacao-em-2-instancia,[160  80 120 160   0 520],"[140, 120, 100, 120, 120, 600]","response:
GenerateContentResponse(
    done=True,
    iterator=None,
    result=protos.GenerateContentResponse({
      ""candidates"": [
        {
          ""content"": {
            ""parts"": [
              {
                ""text"": ""[140, 120, 100, 120, 120, 600]\n""
              }
            ],
            ""role"": ""model""
          },
          ""finish_reason"": ""STOP"",
          ""avg_logprobs"": -0.0005879426795628763
        }
      ],
      ""usage_metadata"": {
        ""prompt_token_count"": 3474,
        ""candidates_token_count"": 31,
        ""total_token_count"": 3505
      }
    }),
)"
14.html,"A imigração de refugiado tem sido um dos maiores desafios das nações. Este transpassa a questão humanitária e vai de encontro a soberania de muitos países. Não diferente, O Brasil enfrenta, como os demais situação parecida. Nos últimos anos uma grande quantidade de refugiados têm transpassada a fronteira do país forçando o poder público medidas que garantam a integridade da soberania nacional e que esteja em consonância aos direitos humanos. 
Várias nações do mundo estão passando por percalços, seja por guerras, crises econômicas, conflitos internos, regimes ditatoriais... Fato que faz surgir refugiados que vislumbram nos países mais próximos a salva guarda para manterem a integridade. O que para estes é um alento, para o país que vão se refugiam se torna um problema. Que muitas vezes não está relacionado diretamente a um sentimento xenófobo, mas sim por uma questão social. No caso do Brasil, os refugiados da nossa nação adjacente se abrigaram em uma cidade de um estado da federação que tem grande dificuldade para cuidar até mesmo dos nativos. Causando um verdadeiro caos. O que fez aumentar ainda mais o sofrimento de quem já está em uma situação extrema.
Destarte que não basta o mero acolhimento, deve-se socorrer e fomentar uma nova expectativa de vida nestas pessoas que estão distantes do país de origem. O que tende a demandar tempo e recursos. No caso brasileiro um dispêndio a mais em um país que está em busca de reduzir despesas. Salientando que se faz necessário uma previa triagem para evitar que pessoas criminosas e mal-intencionadas venham fazer nação um local para praticas criminosa e potencialize a violência.
Desprende que o maior desafio no trato com os imigrantes está em conciliar a soberana força nacional de proteção com a aplicação de direitos humanos. É impensável deixar de ajudar o semelhante em apuros. Efetivar esse apoio sem prejudicar os demais é tarefa que requer recursos e planejamentos. O que aos poucos o país vai se consolidando. ",o-brasil-e-os-imigrantes-no-mundo-contemporaneo,[120 120 120 120  80 560],"[120, 100, 80, 100, 100, 500]","response:
GenerateContentResponse(
    done=True,
    iterator=None,
    result=protos.GenerateContentResponse({
      ""candidates"": [
        {
          ""content"": {
            ""parts"": [
              {
                ""text"": ""[120, 100, 80, 100, 100, 500]\n""
              }
            ],
            ""role"": ""model""
          },
          ""finish_reason"": ""STOP"",
          ""avg_logprobs"": -6.368535105139017e-05
        }
      ],
      ""usage_metadata"": {
        ""prompt_token_count"": 4829,
        ""candidates_token_count"": 30,
        ""total_token_count"": 4859
      }
    }),
)"
11.html,"No Brasil contemporâneo vivenciamos o impacto da imigração de venezuelanos por meio da fronteira entre Brasil, no estado de Roraima, e Venezuela. O êxodo venezuelano tem se desdobrado em discussões, debates, medidas governamentais de gerenciamento dos imigrantes e, finalmente, a medida mais drástica, a ameaça de retirada do Brasil do Pacto Mundial para Migração pelo Presidente da República, Jair Messias Bolsonaro.
A questão de frente é a crise nos países de origem dos imigrantes gerada por governos corruptos, ditatoriais, guerras, conflitos internos e crise econômica além da falta de desenvolvimento na educação, carência de estruturas básicas de saneamento entre outros déficits. Já a questão de fundo, ofuscada pelo medo e desinformação, é a situação de imigrantes e refugiados que ficam à margem da sociedade e se sustentam apenas na esperança de sobreviverem em um país com condições diversas do seu país de origem.
A retirada do Brasil do Pacto Mundial para Migração é um erro, é a negação do estado de direito daqueles que se socorrem em nossa nação, pois o contexto da Constituição de 1988 assevera que somos uma nação solidária e que em nossas relações internacionais prevalecerão os direitos humanos e a cooperação entre os povos para o progresso da humanidade, o que significa que a saída do Brasil desse acordo é a negação da própria Constituição Federal, a carta inaugural da República Federativa Brasileira.
O Brasil é um país emergente, uma nação em ascensão com plenas condições de acolher imigrantes, sua acolhida significa, além de progresso, também o desenvolvimento e demonstração de prevalência dos direitos humanos com o absoluto respeito a dignidade da pessoa humana.",o-brasil-e-os-imigrantes-no-mundo-contemporaneo,[200 200 160 120   0 680],"[160, 140, 120, 140, 140, 700]","response:
GenerateContentResponse(
    done=True,
    iterator=None,
    result=protos.GenerateContentResponse({
      ""candidates"": [
        {
          ""content"": {
            ""parts"": [
              {
                ""text"": ""[160, 140, 120, 140, 140, 700]\n""
              }
            ],
            ""role"": ""model""
          },
          ""finish_reason"": ""STOP"",
          ""avg_logprobs"": -3.543843124662676e-05
        }
      ],
      ""usage_metadata"": {
        ""prompt_token_count"": 6121,
        ""candidates_token_count"": 31,
        ""total_token_count"": 6152
      }
    }),
)"
10.html,"A Qualificação e o futuro do emprego estão cada vez mais preocupantes e eles são importantes para que nosso país saia dessa crise de desemprego, Cerca de 12 milhões de pessoas atualmente estão desempregadas, por isso que o futuro é tão preocupante para alguns.
Por tanto é importante ressaltar que uma qualificação em alguma área e o ensino medio completo é essencial para que a pessoa consiga um emprego, muitas vezes as empresas deixam de contratar o funcionário por conta de seu currículo não ter nenhuma qualificação.
Atualmente a tecnologia é uma das ferramentas mais usadas, hoje em dia conseguimos fazer praticamente tudo com ela, porém o excesso dela pode ocasionar muitos problemas, um deles é a falta de emprego por conta de ser algo mais robotico e agil.
Infelizmente em outros países esse método já foi adotado nos mercados e industrias, substituindo o funcionário por algo mais moderno que para o empregador daria menos gastos, esse avanço da tecnologia ainda está em andamento em nosso país.
Portanto, podemos concluir que uma qualificação é muito importante nos dias atuais, e a questão do emprego, deveriam criar mais empregos para suportar o numero de população de desempregados e não substituir los por maquinas ",qualificacao-e-o-futuro-do-emprego,[120 120  80 120  40 480],"[80, 60, 40, 60, 60, 300]","response:
GenerateContentResponse(
    done=True,
    iterator=None,
    result=protos.GenerateContentResponse({
      ""candidates"": [
        {
          ""content"": {
            ""parts"": [
              {
                ""text"": ""[80, 60, 40, 60, 60, 300]\n""
              }
            ],
            ""role"": ""model""
          },
          ""finish_reason"": ""STOP"",
          ""avg_logprobs"": -0.048403446490948014
        }
      ],
      ""usage_metadata"": {
        ""prompt_token_count"": 6574,
        ""candidates_token_count"": 26,
        ""total_token_count"": 6600
      }
    }),
)"
13.html,"Atualmente o número de processos criminais no Brasil é muito grande, com isso a prisão após a condenação do réu em 2ª instância, se torna insensata, pois as prisões brasileiras estão superlotadas, e esse fato supracitado só piora tal situação.
Em primeiro lugar devemos destacar que uma decisão nesse sentido favorece a injustiça. Além disso no direito penal brasileiro existe um grande número de recursos que devem ser respeitados. Uma vez que é direito do réu permanecer em liberdade até que se esgotem todos os recursos disponíveis.
Dessa maneira para mudar a realidade do nosso país o Governo Federal deve criar leis que proíbam a prisão em 2ª instância. Como disse Desmóstenes : ""É necessário que os princípios de uma política sejam justos e verdadeiros"", Ou seja, deve ser preso quem realmente merece ser preso!",um-reu-deve-ou-nao-ser-preso-apos-a-condenacao-em-2-instancia,[120 200 120 120 120 680],"[100, 80, 40, 80, 60, 360]","response:
GenerateContentResponse(
    done=True,
    iterator=None,
    result=protos.GenerateContentResponse({
      ""candidates"": [
        {
          ""content"": {
            ""parts"": [
              {
                ""text"": ""[100, 80, 40, 80, 60, 360]\n""
              }
            ],
            ""role"": ""model""
          },
          ""finish_reason"": ""STOP"",
          ""avg_logprobs"": -0.07980072056805645
        }
      ],
      ""usage_metadata"": {
        ""prompt_token_count"": 7530,
        ""candidates_token_count"": 27,
        ""total_token_count"": 7557
      }
    }),
)"
1.html,"No Brasil, grande parte da população emigra procurando melhorar de vida em países mais desenvolvidos. Dessa forma, sair do pacto para imigração e diminuir as relações com o Mercosul representa mais prejuízos do que vantagens. Uma vez que o Brasil não é o país que mais recebe imigrantes, essa política contra o pacto pode prejudicar a vida de brasileiros no exterior.
Primeiramente, com a atual crise política e econômica na Venezuela, muitos cidadãos desse país estão procurando refúgio em países vizinhos. Sendo a Bolívia a que mais recebe essas pessoas sendo seguida pelo Brasil. A entrada desses imigrantes para o no Brasil deveria ser incentivada uma vez que o Brasil tem a capacidade de recebê-los e de aproveitar essa mão de obra para o desenvolvimento econômico nacional.
Em contrapartida, a saída do pacto global para a imigração pode prejudicar a relação do Brasil com outros países que recebem emigrantes brasileiros. Pois não sendo uma nação signatária do pacto pode sofrer com políticas mais duras como afirma o sociólogo Thomas Marshall sobre a conquista de direitos dos cidadãos na atual fase da globalização.
Portanto, o Brasil só tem a perder dificultando a imigração e incentivando a xenofobia. Logo para reverter essa situação o país não deve sair do pacto, flexibilizar a entrada de imigrantes e não se comparar com países desenvolvidos como o Reino Unido e a política do Brexit. Só assim poderemos crescer como nação, compartilhando os direitos sociais para todos.",o-brasil-e-os-imigrantes-no-mundo-contemporaneo,[160 200 160 160 160 840],"[140, 120, 100, 120, 120, 600]","response:
GenerateContentResponse(
    done=True,
    iterator=None,
    result=protos.GenerateContentResponse({
      ""candidates"": [
        {
          ""content"": {
            ""parts"": [
              {
                ""text"": ""[140, 120, 100, 120, 120, 600]\n""
              }
            ],
            ""role"": ""model""
          },
          ""finish_reason"": ""STOP"",
          ""avg_logprobs"": -0.0028695055553990025
        }
      ],
      ""usage_metadata"": {
        ""prompt_token_count"": 8755,
        ""candidates_token_count"": 31,
        ""total_token_count"": 8786
      }
    }),
)"
5.html,"É de conhecimento geral que a notícia se espalha pelo Brasil inteiro, pois a manifestação está sendo falada em todo o território nacional. Com base nos conhecimentos os caminhoneiros estão reivindicando seus direitos.
Em consequência disso, vê-se a todo instante reportagens que vem a julgar a manifestação, no entanto, dizem que os caminhoneiros estao causando desordem entre a população, nota-se qeos grevistas não estão apenas manifestando para si, e sim àqueles que não tiveram coragem de sair nas ruas a declarar sua indignação. Em todos os canais há notas de esclarecimento que devido a greve, está faltando remédios em hospitais, doadores, etc. Isso é praticamente um meio de não culpar os governantes e querem pôr culpa nos caminhoneiros.
Em virtudes dos fatos mencionados, conclui-se que há uma esperança de vida melhor assim que a greve acabar.",o-brasil-paralisado-o-que-voce-pensa-sobre-a-greve-dos-caminhoneiros,[ 80  40  40 120  40 320],"[60, 40, 40, 60, 60, 260]","response:
GenerateContentResponse(
    done=True,
    iterator=None,
    result=protos.GenerateContentResponse({
      ""candidates"": [
        {
          ""content"": {
            ""parts"": [
              {
                ""text"": ""[60, 40, 40, 60, 60, 260]\n""
              }
            ],
            ""role"": ""model""
          },
          ""finish_reason"": ""STOP"",
          ""avg_logprobs"": -0.0704346436720628
        }
      ],
      ""usage_metadata"": {
        ""prompt_token_count"": 9704,
        ""candidates_token_count"": 26,
        ""total_token_count"": 9730
      }
    }),
)"
13.html,"Sabe-se que os imigrantes venezuelanos estão migrando do seu país de origem devido a crise econômica.
Como citou Maquiavel “Não há nada mais difícil ou perigoso do que tomar a frente na introdução de uma mudança”, é indubitável que o governo tem que pensar em diversas maneiras de acolher ou de rejeitar os imigrantes por quê pode gerar desemprego, violência, falta de saneamento básico, dentre outros fatores, devido a grande quantidade de pessoas que imigram.
Porém, o Governo deve tomar medidas cabíveis, permitindo imigração de 25% dos venezuelanos. Assim, o Governo, junto com as empresas privadas, pode gerar novos empregos e com isso diminuindo a violência. ",o-brasil-e-os-imigrantes-no-mundo-contemporaneo,[ 80  40  80  80  40 320],"[80, 60, 40, 60, 40, 280]","response:
GenerateContentResponse(
    done=True,
    iterator=None,
    result=protos.GenerateContentResponse({
      ""candidates"": [
        {
          ""content"": {
            ""parts"": [
              {
                ""text"": ""[80, 60, 40, 60, 40, 280]\n""
              }
            ],
            ""role"": ""model""
          },
          ""finish_reason"": ""STOP"",
          ""avg_logprobs"": -0.02281723801906292
        }
      ],
      ""usage_metadata"": {
        ""prompt_token_count"": 1040,
        ""candidates_token_count"": 26,
        ""total_token_count"": 1066
      }
    }),
)"
17.html,"Sabe-se que a era da revolução técnico-científica-informacional trouxe Profundas mudanças nos novos paradigmas sociais; pode-se mencionar a redução no numero de ofertas de empregos e também a demanda por pessoas qualificadas para atenderem os novos postos de trabalhos, já que o mesmo está sendo operado por máquinas. Portanto, observa-se que o mercado de trabalho ficou cada vez mais exigentes e novos postos de trabalho requerem boas qualificações para admissão, assim elevando o desemprego.
Por conseguinte, se constata uns percentuais números de pessoas que estão desempregadas ou em situações de subempregos, isso se deve há múltiplos fatores, o baixo nível escolar, desqualificação profissional e etc. Todavia, tais requisitos tendem resultarem no desencadeamento do desemprego, e por não atenderem as exigências postas no mercado de trabalhos se acentuaram os problemas de caráter sociais resultante do desempregos exacerbado.
Assim, cabe ressaltar que o desemprego foi surgindo na medida em que se acentuou uma gama de pessoas nas cidades, movido pelas melhorias nas condições de vidas que as zona urbana poderia proporcionar e também pela repulsão dos agricultores que não conseguiram se mantiver a sua sustentabilidade no rural, se obrigou a sair para buscarem melhores condições de vida, isso aliado às questões agrárias que foram importantíssimas para intensificar êxodo rural.
Contudo, os diversos são os fatores que podem desenvolver os desempregos, mas cabem às autoridades intervierem em tais problemas, tentando solucionar ou sanar. Portanto é relevante que os governantes do país priorizarem as políticas públicas para que tentar-se atenuarem o desemprego demasiado, investir mais na educação, impulsionar a economia do país para hajam novos postos de trabalhos e assim facilitarem o emprego a todos, sem exclusão. ",qualificacao-e-o-futuro-do-emprego,[120 160 160 120 160 720],"[100, 80, 100, 100, 80, 460]","response:
GenerateContentResponse(
    done=True,
    iterator=None,
    result=protos.GenerateContentResponse({
      ""candidates"": [
        {
          ""content"": {
            ""parts"": [
              {
                ""text"": ""[100, 80, 100, 100, 80, 460]\n""
              }
            ],
            ""role"": ""model""
          },
          ""finish_reason"": ""STOP"",
          ""avg_logprobs"": -0.15137511286242256
        }
      ],
      ""usage_metadata"": {
        ""prompt_token_count"": 1631,
        ""candidates_token_count"": 29,
        ""total_token_count"": 1660
      }
    }),
)"
16.html,"Em meio à chamada revolução tecnológica, os novos empregos que surgem requerem qualificação e especialização cada vez maiores. Isto denota uma preocupação tanto por parte dos estudantes, que não se sentem devidamente preparados para o mercado de trabalho, quanto de empresas as quais têm dificuldade para encontrar candidatos aptos a ocuparem cargos exigentes.
Pois ainda que as escolas abordem diversos assuntos, o sistema de ensino tradicional é incapaz de acompanhar as recentes exigências frente à automação do modo de produção, uma vez que mercado de trabalho está à procura de conhecimento prático e técnico. Segundo dados do Manpower Group, os empregadores reportam dificuldade em selecionar pessoas adequadas a vagas abertas. Enquanto isso, o sistema de ensino tradicional resiste em substituir o aprendizado generalizado pela iniciação técnica que dará o devido preparo ao estudante.
Além disto, a revolução tecnológica faz com que empresas necessitem buscar o aperfeiçoamento constante de seus empregados. Um estudo do Fórum Econômico Mundial mostra que, em grandes empresas, quase metade dos funcionários precisa passar por treinamento todos os anos. O desafio de manter uma produtividade cada vez maior exerce pressão sob uma população que já não sabe mais como se reinventar, sobrando para políticas públicas solucionar a defasagem, seja das instituições educacionais ou de mão de obra especializada.
Com isso, concluímos que o ensino de caráter técnico-científico é fundamental para se criar indivíduos qualificados em meio ao futuro tecnológico e automatizado. Desse modo, o Governo deve dar início a políticas públicas que busquem revisar o preparo ofertado por instituições educacionais, aprovando medidas as quais configuram o ensino técnico como obrigatório no currículo escolar, enquanto medidas econômicas são aplicadas a fim de incitar o aumento da oferta e da procura por cursos técnicos.",qualificacao-e-o-futuro-do-emprego,[160 160 200 200 160 880],"[160, 140, 160, 140, 140, 740]","response:
GenerateContentResponse(
    done=True,
    iterator=None,
    result=protos.GenerateContentResponse({
      ""candidates"": [
        {
          ""content"": {
            ""parts"": [
              {
                ""text"": ""[160, 140, 160, 140, 140, 740]\n""
              }
            ],
            ""role"": ""model""
          },
          ""finish_reason"": ""STOP"",
          ""avg_logprobs"": -0.022614515596820463
        }
      ],
      ""usage_metadata"": {
        ""prompt_token_count"": 2202,
        ""candidates_token_count"": 31,
        ""total_token_count"": 2233
      }
    }),
)"
15.html,"No que se refere aos avanços tecnológicos no Brasil, nota-se que, atingiu diretamente à população em seu meio social, na qual, trouxe diversos benefícios e malefícios para os usuários. Em contrapartida, essa realidade impôs novos desafios para a sociedade contemporânea.
Nesse contexto, é conveniente destacar, que muitos indivíduos até mesmo crianças, estão sujeitas a manipulações, que pode ser inadequadas. Infelizmente, como há pessoas de má conduta que utiliza a internet para atraí pessoas fragilizados, é de fundamental importância o acompanhamento familiar.
Cabe ainda ressaltar, que ressaltar que tal meio se transforma em uma forma de lazer para todos os indivíduos, e com os avanços tecnológicos, irá conduzir mais ainda os telespectadores através dos seus gostos.",qualificacao-e-o-futuro-do-emprego,[120  40  40 160  40 400],"[60, 40, 40, 60, 40, 240]","response:
GenerateContentResponse(
    done=True,
    iterator=None,
    result=protos.GenerateContentResponse({
      ""candidates"": [
        {
          ""content"": {
            ""parts"": [
              {
                ""text"": ""[60, 40, 40, 60, 40, 240]\n""
              }
            ],
            ""role"": ""model""
          },
          ""finish_reason"": ""STOP"",
          ""avg_logprobs"": -0.039235986196077786
        }
      ],
      ""usage_metadata"": {
        ""prompt_token_count"": 2558,
        ""candidates_token_count"": 26,
        ""total_token_count"": 2584
      }
    }),
)"
3.html,"O mercado de trabalho está sofrendo mudanças, e apesar de investimento em educação, não estão sendo elaboradas estratégias pra para adaptar profissionais nesse novo cenário. Os jovens quase não tem noções sobre o novo mercado de trabalho voltado para setores tecnológicos deixando muitos a margem de uma boa qualidade de vida.
Tal fato causa também decadência no índice de desenvolvimento dos países, como o Brasil que é tecnologicamente atrasado. Devido à extinção de profissões na troca da mão de obra humana pela máquina, é preciso buscar capacitação nos empregos que estão surgindo.
No Brasil são ensinadas nas escolas apenas as disciplinas essenciais de forma arcaica, sem esclarecimento sobre o perfil profissional atravésde professores pouco competentes. Isso acontece principalmente nas regiões mais carentes, o que leva os indivíduos entre outros fatores, não obterem boa formação escolar, recorrerem a sub empregos e não buscar qualificação.
É necessário que os países, principalmente os menos desenvolvidos elaborem projetos de reestruturação em seus sistemas de educação, desenvolvendo ideias mutuamente entre seus aliados e associações de nações como o BRICS, investindo em pesquisa e intercâmbio de conhecimento para capacitar os jovens nas vagas mais demandadas, diminuindo o número de desempregados efetivamente.",qualificacao-e-o-futuro-do-emprego,[120 120 120 120 160 640],"[120, 100, 100, 120, 100, 540]","response:
GenerateContentResponse(
    done=True,
    iterator=None,
    result=protos.GenerateContentResponse({
      ""candidates"": [
        {
          ""content"": {
            ""parts"": [
              {
                ""text"": ""[120, 100, 100, 120, 100, 540]\n""
              }
            ],
            ""role"": ""model""
          },
          ""finish_reason"": ""STOP"",
          ""avg_logprobs"": -0.05884904246176443
        }
      ],
      ""usage_metadata"": {
        ""prompt_token_count"": 3011,
        ""candidates_token_count"": 31,
        ""total_token_count"": 3042
      }
    }),
)"
7.html,"A jurisdição brasileira é representada por diversas instâncias, ou seja, a utilização de recursos faz com que o processo atinja até a 4° grau, representado pelo Supremo Tribunal Federal. Ocorre que, o mesmo está julgando o mérito de três Ações Diretas de Constitucionalidade, afim de declarar constitucional o Artigo 283 do Código de Processo Penal. O resultado do julgamento será pela permissão, ou não, da prisão em segunda instância.
A Constituição Federal de 1988 representa o texto de maior hierarquia presente no ordenamento pátrio e, por isso possui certa ""rigidez"", sofrendo uma série de limitações que impedem a sua modificação, como por exemplo a impossibilidade de suprimir Direitos e Garantias Fundamentais de seu texto. Em seu Artigo 5º, a Constituição traz um rol de garantias e dentre elas está a presunção de inocência, ou seja, a garantia de que ninguém será considerado culpado, sem sentença penal condenatória transitada em julgado. Em complementação, o Código de Processo Penal, com intuito de viabilizar o direito constitucionalmente previsto, expressou em seu Artigo 283 que, a prisão deve ser realizada em decorrência de sentença condenatória transitada em julgado, salvo as exceções da prisão temporária e preventiva.
O respeito às garantias constitucionalmente previstas constitui princípio básico de um Estado Democrático de Direito e tem como consequência a segurança jurídica. A implementação de Pena Privativa de Liberdade em indivíduos que ainda não foram considerados culpados, uma vez que a culpa só ocorre no transito em julgado, representa grave risco à a toda definição de Estado que foi construída. Sabe-se, ainda, que a Constituição Federal foi criada no contexto histórico do pós ditadura, e portanto estabelece inúmeras proteções ao indivíduo, estabelecendo expressamente que só há condenação com o trânsito em julgado, ou seja, após a decisão definitiva.
A possibilidade de prisão em segunda instância, resulta no adiantamento da culpa, de forma à responsabilizar criminalmente um indivíduo que, no ponto de vista legal, ainda é inocente. O STF como guardião da Constituição ao decidir pela inconstitucionalidade da norma constante no Artigo 283 do supramencionado Código, dará margem para uma interpretação normativa na qual excluirá completamente o contexto histórico no qual a Constituição foi criada.",um-reu-deve-ou-nao-ser-preso-apos-a-condenacao-em-2-instancia,[120 120 120 120  80 560],"[180, 160, 160, 160, 160, 820]","response:
GenerateContentResponse(
    done=True,
    iterator=None,
    result=protos.GenerateContentResponse({
      ""candidates"": [
        {
          ""content"": {
            ""parts"": [
              {
                ""text"": ""[180, 160, 160, 160, 160, 820]\n""
              }
            ],
            ""role"": ""model""
          },
          ""finish_reason"": ""STOP"",
          ""avg_logprobs"": -0.0865547118648406
        }
      ],
      ""usage_metadata"": {
        ""prompt_token_count"": 4312,
        ""candidates_token_count"": 31,
        ""total_token_count"": 4343
      }
    }),
)"
19.html,"O escritor brasileiro, Milton Nascimento em sua música “Sonho Imigrante”, expressa o sentimento de saudade e anseio de retorno à pátria amada. Em decorrência da grave crise política, econômica e social que assusta países em todo o mundo, milhares de pessoas recorrem ao Brasil como refugio em meio ao caos que vivem.
Em primeira análise, é importante ressaltar sobre a crise que assola a Venezuela, o que fez com que muitos vissem o Brasil como uma grande porta de recomeço. Segundo dados do Governo Brasileiro, foram emitidas aproximadamente cinco mil carteiras de trabalho dos imigrantes Venezuelanos, o que faz com que trabalhadores que exercem serviços de baixa escolaridade, se sintam ameaçados com a nova concorrência. Outrossim mesmo que a sociedade civil se sinta ameaçada, o Governo Brasileiro não pode omitir ajuda aos estrangeiros, pois a Constituição brasileira prevê igualdade entre nacionais e estrangeiros. 
Alem do mais, ressalte-se que o Brasil também vive uma crise econômica, com universidades, escolas e hospitais em estado de calamidade. Com a crescente onda de imigrações as autoridades deverão aumentar o repasse de recursos aos municípios, a fim de atender as necessidades básicas dos moradores, sejam eles nacionais ou estrangeiros.
Fica clara, portanto a necessidade de ações por parte do Ministério da Justiça juntamente como Departamento de Migrações (DEMIG), como a solução dos “Campos fechados” uma proposta feita pela França e Espanha. É de extrema importância que o Ministério da Saúde intensifique campanhas de vacinação, para que doenças já erradicadas não se tornem novamente um alarde á saúde pública.",o-brasil-e-os-imigrantes-no-mundo-contemporaneo,[120 120 120 160  80 600],"[140, 120, 120, 120, 120, 620]","response:
GenerateContentResponse(
    done=True,
    iterator=None,
    result=protos.GenerateContentResponse({
      ""candidates"": [
        {
          ""content"": {
            ""parts"": [
              {
                ""text"": ""[140, 120, 120, 120, 120, 620]\n""
              }
            ],
            ""role"": ""model""
          },
          ""finish_reason"": ""STOP"",
          ""avg_logprobs"": -0.009170123646336218
        }
      ],
      ""usage_metadata"": {
        ""prompt_token_count"": 5576,
        ""candidates_token_count"": 31,
        ""total_token_count"": 5607
      }
    }),
)"
7.html,"Com o advento das novas tecnologias, muitas expectativas acerca de como o seu uso poderá afetar a nossa sociedade foram criadas, sejam elas de aspecto positivo, seja elas preocupantes. Nos ofícios, por exemplo, a automação do trabalho antes realizado incontestavelmente por humanos começa a ser mais discutido e gera um ambiente duvidoso e preocupante acerca de sua mão de obra.
Por incomensuráveis vezes pode-se abordar impactos da substituição da mão de obra em nossa sociedade e em seus ramos de serviços. De acordo com uma pesquisa mostrada na página virtual da UOL, o setor com mais chance do fortalecimento do processo de automação é o de preparação de comida, com 64% de probabilidade. O fato é que a qualificação da mão de obra será cada vez mais exigida e o uso das tecnologias será inevitável.
A maneira como lidaremos com essa questão será crucial para o desenvolvimento humano, mesmo que esse processo não seja homogêneo em todo o planeta. De acordo com uma pesquisa feita pela empresa de consultoria empresarial americana, McKinsey, países com o domínio tecnológico advindo junto com o impactante processo de globalização, marcado pela Revolução Técnico-Científico-Informacional, serão mais afetados pelo processo de automação do que os países com menos acesso a esse recurso, visto que mais setores serão afetados pelo avanço tecnológico. Vale ressaltar que boa parte desses países apresenta a taxa de crescimento vegetativo negativa, ou seja, possui mais indivíduos morrendo do que nascendo, sendo um dos fatos que faz com que a questão da empregabilidade não seja tão afetada quanto em países emergentes, por exemplo.
Principalmente nos países que não estão preparados completamente para essa situação, o futuro será duvidoso e a adaptação ao surgimento das novas tecnologias é essencial para o estabelecimento de soluções para a subtração da ocorrência do desemprego. A preparação para a população para o surgimento de novos empregos é uma dessas medidas para contribuir com o progresso social.
Plataformas sócio-virtuais que estabeleçam a comunicação com a população acerca do desenvolvimento de empregos e ofereçam novos postos de trabalhos devem ser mais efetivadas ao decorrer do tempo. A adaptação é uma construção social.",qualificacao-e-o-futuro-do-emprego,[120 120 120 120  80 560],"[140, 120, 140, 120, 120, 640]","response:
GenerateContentResponse(
    done=True,
    iterator=None,
    result=protos.GenerateContentResponse({
      ""candidates"": [
        {
          ""content"": {
            ""parts"": [
              {
                ""text"": ""[140, 120, 140, 120, 120, 640]\n""
              }
            ],
            ""role"": ""model""
          },
          ""finish_reason"": ""STOP"",
          ""avg_logprobs"": -0.02382981200372019
        }
      ],
      ""usage_metadata"": {
        ""prompt_token_count"": 6241,
        ""candidates_token_count"": 31,
        ""total_token_count"": 6272
      }
    }),
)"
7.html,"A homofobia vem aumentando diariamente, praticada por pessoas que dispõem de uma série de informações, opiniões, mas se recusam a aceitar o próximo, sobretudo se ele for julgado como “diferente” do que é acostumado se ver. Um dado alarmante, que necessita de atenção redobrada para que ao menos possamos sonhar com uma sociedade igualitária.
Em 2017, até o mês de maio, 117 pessoas foram assassinadas no Brasil devido à homofobia. É um assassinato a cada 25 horas, segundo o Grupo Gay da Bahia(GGB). Em 2016, consoante a Associação Internacional de Lésbicas, Gays, Bissexuais, Transgêneros e Intersexuais, 340 LGBTs foram mortos no Brasil. Em 2015, foram registradas 318 mortes, segundo informações do grupo.
Vale destacar que a homofobia não se expressa apenas na ocorrência de homicídios. Os homossexuais são constantemente agredidos, tanto fisicamente, quanto através de descriminalização em locais públicos, no entanto, as vítimas não podem fazer um boletim de ocorrência por um ataque homofóbico, pois na Constituição brasileira não existe uma penalização severa, além de prestação de serviços à comunidade ou então pagamento de cestas básicas, resultando em um incentivo ao crime.
Muitas vezes a homofobia vem acompanhada pelo racismo, “quando se trata de negro e gay, os estigmas ficam um pouco pior, pode-se dizer que a exclusão é dupla”. Quando se é branco e tem uma boa renda, a homossexualidade é tratada de forma mais compreensiva.
Em virtude dos fatos mencionados pode-se concluir que, odiar alguém a ponto de matar só porque esse alguém possuiu uma orientação sexual diferente da sua, é sim uma doença a ser combatida, afinal todos tem o direito de escolher ser feliz, de poder andar de mãos dadas com a pessoa amada, sem ser tratado de forma diferente. A educação sexual deveria ser obrigatória em todos os níveis escolares; o governo necessita criar uma lei mais severa e punir exemplarmente os agressores; e conscientizar a sociedade sobre o que é respeitar, e principalmente sobre o que é amar.",a-terapia-de-reversao-da-orientacao-sexual,[160  40  40 120  40 400],"[140, 120, 140, 140, 140, 680]","response:
GenerateContentResponse(
    done=True,
    iterator=None,
    result=protos.GenerateContentResponse({
      ""candidates"": [
        {
          ""content"": {
            ""parts"": [
              {
                ""text"": ""[140, 120, 140, 140, 140, 680]\n""
              }
            ],
            ""role"": ""model""
          },
          ""finish_reason"": ""STOP"",
          ""avg_logprobs"": -0.02774413170353059
        }
      ],
      ""usage_metadata"": {
        ""prompt_token_count"": 7729,
        ""candidates_token_count"": 31,
        ""total_token_count"": 7760
      }
    }),
)"
4.html,"À medida que a humanidade se torna mais consciente em relação às novas mudanças provocadas em larga escala pelo desenvolvimento de novas tecnologias faz-se necessário que outras formas de reinvenção do trabalho sejam discutidas. Vivemos em um estágio crítico onde a mão de obra humana está ameaçada por suas próprias invenções, o que alguns especialistas chamam de revolução tecnológica.
Dados oficiais sobre o número de desempregados no Brasil aponta um cenário alarmante, cerca de 12 milhões de desempregados. As modalidades de trabalho visam atualmente cada vez mais aderir à tecnologia automatizada, embora em grande parte não seja completamente, pois ainda se exige a presença de profissionais operando de forma parcial dividindo assim a força de trabalho, embora já existam ""empresas 100% tecnológicas"".
Analisando de forma crítica podemos imaginar um futuro nada otimista para algumas profissões que certamente serão substituídas pelo trabalho inteligente das últimas invenções modernas. Espera-se que profissionais se adequem às novas tendências do mercado.
No entanto, ainda é possível segundo especialistas que estudam o mercado reverter esse quadro com uma atitude simples, reinventar a educação. Para isso alguns passos podem ser adotados, como exemplo estudar novas formas de negócios voltados para o futuro digital, se adequar à novas tecnologias de educação profissional, visando estar atualizado(a) e/ou capacitado(a) para um futuro no qual o mercado de trabalho será cada vez mais seletivo.",qualificacao-e-o-futuro-do-emprego,[120 120  80 120 120 560],"[120, 100, 100, 100, 80, 500]","response:
GenerateContentResponse(
    done=True,
    iterator=None,
    result=protos.GenerateContentResponse({
      ""candidates"": [
        {
          ""content"": {
            ""parts"": [
              {
                ""text"": ""[120, 100, 100, 100, 80, 500]\n""
              }
            ],
            ""role"": ""model""
          },
          ""finish_reason"": ""STOP"",
          ""avg_logprobs"": -0.005654487013816834
        }
      ],
      ""usage_metadata"": {
        ""prompt_token_count"": 8229,
        ""candidates_token_count"": 30,
        ""total_token_count"": 8259
      }
    }),
)"
4.html,"À medida que a humanidade se torna mais consciente em relação às novas mudanças provocadas em larga escala pelo desenvolvimento de novas tecnologias faz-se necessário que outras formas de reinvenção do trabalho sejam discutidas. Vivemos em um estágio crítico onde a mão de obra humana está ameaçada por suas próprias invenções, o que alguns especialistas chamam de revolução tecnológica.
Dados oficiais sobre o número de desempregados no Brasil aponta um cenário alarmante, cerca de 12 milhões de desempregados. As modalidades de trabalho visam atualmente cada vez mais aderir à tecnologia automatizada, embora em grande parte não seja completamente, pois ainda se exige a presença de profissionais operando de forma parcial dividindo assim a força de trabalho, embora já existam ""empresas 100% tecnológicas"".
Analisando de forma crítica podemos imaginar um futuro nada otimista para algumas profissões que certamente serão substituídas pelo trabalho inteligente das últimas invenções modernas. Espera-se que profissionais se adequem às novas tendências do mercado.
No entanto, ainda é possível segundo especialistas que estudam o mercado reverter esse quadro com uma atitude simples, reinventar a educação. Para isso alguns passos podem ser adotados, como exemplo estudar novas formas de negócios voltados para o futuro digital, se adequar à novas tecnologias de educação profissional, visando estar atualizado(a) e/ou capacitado(a) para um futuro no qual o mercado de trabalho será cada vez mais seletivo.",qualificacao-e-o-futuro-do-emprego,[160 120 120 120 160 680],"[120, 100, 100, 80, 100, 500]","response:
GenerateContentResponse(
    done=True,
    iterator=None,
    result=protos.GenerateContentResponse({
      ""candidates"": [
        {
          ""content"": {
            ""parts"": [
              {
                ""text"": ""[120, 100, 100, 80, 100, 500]\n""
              }
            ],
            ""role"": ""model""
          },
          ""finish_reason"": ""STOP"",
          ""avg_logprobs"": -0.1039669672648112
        }
      ],
      ""usage_metadata"": {
        ""prompt_token_count"": 468,
        ""candidates_token_count"": 30,
        ""total_token_count"": 498
      }
    }),
)"
19.html,"O cenário do desemprego tem gerado desconforto e insegurança na rotina daqueles que fazem parte dessa estatística negativa, o indivíduo que se encontra nessa situação busca fazer o que pode, no intuito de se tornar qualificado, para que o mercado de trabalho o valorize. Porém, até que ponto é possível compreender os avanços que o mercado de serviço tem carregado com os tempos vindouros e continuar se qualificando de acordo com as exigências propostas?
Através dos diversos meios de comunicação não fica perceptível apenas o alto índice de desemprego, mas também a importância que os inativos tem atribuído a qualificação. Em uma das edições do Jornal Nacional da Rede Globo, foi apresentado no universo do desemprego o alto número de pessoas desqualificadas buscando completar os seus estudos do Ensino Fundamental e Médio, a conclusão do Ensino Superior e aqueles já certificados nesse último se projetando para o início de uma especialização.
Qualificar-se significa aprimorar para exercer melhor uma determinada função, esse é um papel que vem sendo muito bem desenvolvido com o avanço da tecnologia e gerando aprimoramentos em máquinas, isso faz com que o trabalho exercido por seres humanos perca informação e atualização, dessa forma a pessoa desempregada fica presa a recursos arcaicos que o mercado de trabalho tem desprezado, que aplica soluções inovadoras, mas sem informar como o indivíduo pode adquirir espaço dentro desse novo ambiente profissional.
O cidadão busca a qualificação, procura se atualizar, mas fica inseguro por não compreender este novo universo que vem sofrendo avanços cada vez mais rápido e superiores aos tempos passados. Não é necessário uma análise profunda para perceber o alto grau de importância que o avanço da tecnologia gerou no mundo, mas também é inegável que se criou um desconforto para aqueles que não compreendem esse avanço e apesar de desqualificados pelo mercado de trabalho precisam sobreviver e mais do que isso, viver dignamente. Existe um erro que é distanciar o indivíduo do avanço e da tecnologia enquanto esses deveriam se complementarem. O mercado de trabalho atualizando a sociedade com relação aos novos avanços e apontando um norte mais viável para as novas adequações, o indivíduo desempregado, pode optar por uma qualificação mais exata e não precisa ficar limitado por não entender as mudanças que o mercado sofre. ",qualificacao-e-o-futuro-do-emprego,[120 160 120 120  80 600],"[160, 140, 120, 100, 120, 640]","response:
GenerateContentResponse(
    done=True,
    iterator=None,
    result=protos.GenerateContentResponse({
      ""candidates"": [
        {
          ""content"": {
            ""parts"": [
              {
                ""text"": ""[160, 140, 120, 100, 120, 640]\n""
              }
            ],
            ""role"": ""model""
          },
          ""finish_reason"": ""STOP"",
          ""avg_logprobs"": -0.018676619375905684
        }
      ],
      ""usage_metadata"": {
        ""prompt_token_count"": 1152,
        ""candidates_token_count"": 31,
        ""total_token_count"": 1183
      }
    }),
)"
9.html,"O avanço da tecnologia e sua aplicação nas empresas em conjunto com as exigências de alta qualificação profissional no mercado de trabalho, têm resultado em um grande número de desempregados, o qual cresce a cada dia.
Segundo os especialistas, o número de desempregados tende a aumentar progressivamente, podendo surgir em até 2050 uma nova classe de pessoas, a dos ""inúteis"" ou ""não empregáveis"". Um dos motivos dessa ocorrência é o desenvolvimento acelerado de robôs de inteligência artificial, que substituem milhares de trabalhadores. Diversas tarefas que antes eram realizadas por pessoas, hoje são feitas por equipamentos tecnológicos, os quais são mais lucrativos aos proprietários por sua eficiência e precisão.
Com isso, as empresas estão exigindo um número cada vez maior de especialistas ligados à tecnologia, como desenvolvedores de softwares, cientistas e analistas de dados, capazes de controlar os novos equipamentos. O problema é que esse tipo de trabalho exige alta qualificação profissional, excluindo os trabalhadores simples, sem estudo completo e os recém-formados, sem experiência, que não conseguem oportunidades em um mercado saturado.
É necessário que o governo invista na educação, para que as pessoas aprimorem seus estudos de forma a atender às novas exigências do mercado de trabalho e que a população também fique atenta à informação e procure se especializar no que está em alta. Por outro lado, cabe às empresas promoverem programas que visam o ingresso dos recém-formados e cursos de especialização para os funcionários interessados em continuar trabalhando, a fim de ajudar a conter o desemprego.",qualificacao-e-o-futuro-do-emprego,[160 120 160 160 160 760],"[180, 160, 140, 140, 160, 780]","response:
GenerateContentResponse(
    done=True,
    iterator=None,
    result=protos.GenerateContentResponse({
      ""candidates"": [
        {
          ""content"": {
            ""parts"": [
              {
                ""text"": ""[180, 160, 140, 140, 160, 780]\n""
              }
            ],
            ""role"": ""model""
          },
          ""finish_reason"": ""STOP"",
          ""avg_logprobs"": -0.04312769059211977
        }
      ],
      ""usage_metadata"": {
        ""prompt_token_count"": 1679,
        ""candidates_token_count"": 31,
        ""total_token_count"": 1710
      }
    }),
)"
2.html,"O mês de novembro iniciou-se com grande discussão, pois o Supremo Tribunal Federal (STF) está definindo se o réu deverá ficar preso ou permanecer solto até recorrer às últimas instâncias. Atualmente a legislação brasileira, em consonância com leis de países que inspiram nosso sistema criminal, possibilita as prisões de réus após condenações de segunda instância.
Esse debate é característico do STF, que sendo órgão máximo da justiça do país discorre sobre questões jurisprudenciais, ou seja, os aspectos referentes às decisões, aplicações e interpretações das leis.
A Corte Suprema pode mudar esse posicionamento, permitindo que os encarceramentos somente ocorram após o esgotamento das possibilidades recursais ao Superior Tribunal de Justiça (STJ) e ao próprio STF. A base legal para mudança, caso aconteça, é a Constituição Federal que diz ""ninguém será considerado culpado até o trânsito em julgado de sentença penal condenatória"".
Percebe-se um grande impasse, por um lado a mudança do atual posicionamento acarretará aumento de criminosos às soltas aguardando julgamento - julgamento esse que já é moroso-, uma vez que a condenação só poderá acontecer após o julgamento do STJ e STF. Por outro lado, a conservação do entendimento em vigor pode ser compreendida como violação de um direito constitucional, já que haverá possibilidade de recursos às 3ª e 4ª instâncias.
Luiza Cristina Frischeisen, do Ministério Público Federal, considera que ""se o STF decidir que a decisão ocorra somente após o trânsito em julgado (esgotados todos os recursos), o Brasil ficará extremamente isolado, em matéria penal, entre outros países democráticos. Uma decisão nesse sentido favorece a impunidade"", infelizmente a impunidade é bem conhecida no país, e aumentá-la fará com que o brasileiro desacredite ainda mais na justiça do país.",um-reu-deve-ou-nao-ser-preso-apos-a-condenacao-em-2-instancia,[120  80  80  80  80 440],"[160, 140, 120, 100, 140, 660]","response:
GenerateContentResponse(
    done=True,
    iterator=None,
    result=protos.GenerateContentResponse({
      ""candidates"": [
        {
          ""content"": {
            ""parts"": [
              {
                ""text"": ""[160, 140, 120, 100, 140, 660]\n""
              }
            ],
            ""role"": ""model""
          },
          ""finish_reason"": ""STOP"",
          ""avg_logprobs"": -0.037040498948866324
        }
      ],
      ""usage_metadata"": {
        ""prompt_token_count"": 2865,
        ""candidates_token_count"": 31,
        ""total_token_count"": 2896
      }
    }),
)"
10.html,"Comenta-se que o ex presidente Lula no ano de 2016, após a decisão do Supremo Tribunal da Justiça foi condenado a segunda instância e foi diante a sua acusação do lava jato. Ainda mais que vários réus infratores de penalidade graves devem manter na prisão.
Em primeiro lugar 726 mil presos, no Brasil tem terceira maior população carcerária do mundo, isto é a gravidade de lotações no qual muitas vezes não possuem infraestrutura adequada para receber os condenados.
Além disso o desembargador após analisar a sentença, em seguida quando manter o detido, tornando a cadeia uma escola do crime isso é dificulta o processo de ressocialização dos criminosos.
Por fim conforme o livro A politica de Aristósteles acredita que a democracia e ética do ser humano e a felicidade do ser além disso quando aflige a lei da justiça deve cumprir sobre os seu atos.
Mediante a sintaxe, o Ministério Público Federal deve implantar apoio com o governo Jair Bolsonaro apoio à prisão em segunda instância julgar se condenados devem cumprir pena na prisão ou podem aguardar em liberdade enquanto recorrem aos tribunais superiores assim sendo horas depois o julgamento.",um-reu-deve-ou-nao-ser-preso-apos-a-condenacao-em-2-instancia,[0 0 0 0 0 0],"[80, 60, 80, 60, 80, 360]","response:
GenerateContentResponse(
    done=True,
    iterator=None,
    result=protos.GenerateContentResponse({
      ""candidates"": [
        {
          ""content"": {
            ""parts"": [
              {
                ""text"": ""[80, 60, 80, 60, 80, 360]\n""
              }
            ],
            ""role"": ""model""
          },
          ""finish_reason"": ""STOP"",
          ""avg_logprobs"": -0.0362472992676955
        }
      ],
      ""usage_metadata"": {
        ""prompt_token_count"": 3897,
        ""candidates_token_count"": 26,
        ""total_token_count"": 3923
      }
    }),
)"
17.html,"Sabe-se que a era da revolução técnico-científica-informacional trouxe Profundas mudanças nos novos paradigmas sociais; pode-se mencionar a redução no numero de ofertas de empregos e também a demanda por pessoas qualificadas para atenderem os novos postos de trabalhos, já que o mesmo está sendo operado por máquinas. Portanto, observa-se que o mercado de trabalho ficou cada vez mais exigentes e novos postos de trabalho requerem boas qualificações para admissão, assim elevando o desemprego.
Por conseguinte, se constata uns percentuais números de pessoas que estão desempregadas ou em situações de subempregos, isso se deve há múltiplos fatores, o baixo nível escolar, desqualificação profissional e etc. Todavia, tais requisitos tendem resultarem no desencadeamento do desemprego, e por não atenderem as exigências postas no mercado de trabalhos se acentuaram os problemas de caráter sociais resultante do desempregos exacerbado.
Assim, cabe ressaltar que o desemprego foi surgindo na medida em que se acentuou uma gama de pessoas nas cidades, movido pelas melhorias nas condições de vidas que as zona urbana poderia proporcionar e também pela repulsão dos agricultores que não conseguiram se mantiver a sua sustentabilidade no rural, se obrigou a sair para buscarem melhores condições de vida, isso aliado às questões agrárias que foram importantíssimas para intensificar êxodo rural.
Contudo, os diversos são os fatores que podem desenvolver os desempregos, mas cabem às autoridades intervierem em tais problemas, tentando solucionar ou sanar. Portanto é relevante que os governantes do país priorizarem as políticas públicas para que tentar-se atenuarem o desemprego demasiado, investir mais na educação, impulsionar a economia do país para hajam novos postos de trabalhos e assim facilitarem o emprego a todos, sem exclusão. ",qualificacao-e-o-futuro-do-emprego,[ 80 120 120 120 160 600],"[100, 80, 80, 80, 100, 440]","response:
GenerateContentResponse(
    done=True,
    iterator=None,
    result=protos.GenerateContentResponse({
      ""candidates"": [
        {
          ""content"": {
            ""parts"": [
              {
                ""text"": ""[100, 80, 80, 80, 100, 440]\n""
              }
            ],
            ""role"": ""model""
          },
          ""finish_reason"": ""STOP"",
          ""avg_logprobs"": -0.05918781246457781
        }
      ],
      ""usage_metadata"": {
        ""prompt_token_count"": 4488,
        ""candidates_token_count"": 28,
        ""total_token_count"": 4516
      }
    }),
)"
4.html,"A prisão do réu após a condenação em segunda instância é algo que já foi discutido em ocasiões passadas e vem sendo discutido novamente no Brasil. Com isso, levante-se a questão se é justo ou não tal atitude antes mesmo de esgotados todos os recursos cabíveis, ou seja, antes do trânsito em julgado.
O primeiro aspecto a ser abordado é que atualmente, no Brasil, o réu é preso logo após a condenação em segunda instância, momento em que ele passa a cumprir sua pena. No entanto, isso vai em desacordo com um dispositivo da constitucional, que versa que o réu só poderá ser preso após o trânsito em julgado, bem como fere o princípio da presunção de inocência.
O segundo aspecto a ser frisado é a questão da impunibilidade, haja vista que se a justiça brasileira decretar a prisão do réu só depois de esgotado todos os recursos cabíveis, a sensação de não punição aumentaria entre as pessoas e, por conseguinte, os delitos aumentariam, gerando ainda mais morosidade na justiça brasileira.
Dessa forma, torna-se evidente que a prisão do réu seja logo após a condenação em primeira instância, para que a sociedade acredite na função punitiva do Estado, e os delituosos possam ter o mínimo de sensação de punibilidade por parte do Estado. Caso contrário, a morosidade processual impactaria ainda mais, devido aos grandes números de processos tramitando perante à justiça brasileira.",um-reu-deve-ou-nao-ser-preso-apos-a-condenacao-em-2-instancia,[120 120 120 120 120 600],"[140, 120, 100, 100, 120, 580]","response:
GenerateContentResponse(
    done=True,
    iterator=None,
    result=protos.GenerateContentResponse({
      ""candidates"": [
        {
          ""content"": {
            ""parts"": [
              {
                ""text"": ""[140, 120, 100, 100, 120, 580]\n""
              }
            ],
            ""role"": ""model""
          },
          ""finish_reason"": ""STOP"",
          ""avg_logprobs"": -0.002744173570986717
        }
      ],
      ""usage_metadata"": {
        ""prompt_token_count"": 5580,
        ""candidates_token_count"": 31,
        ""total_token_count"": 5611
      }
    }),
)"
7.html,"Com o advento das novas tecnologias, muitas expectativas acerca de como o seu uso poderá afetar a nossa sociedade foram criadas, sejam elas de aspecto positivo, seja elas preocupantes. Nos ofícios, por exemplo, a automação do trabalho antes realizado incontestavelmente por humanos começa a ser mais discutido e gera um ambiente duvidoso e preocupante acerca de sua mão de obra.
Por incomensuráveis vezes pode-se abordar impactos da substituição da mão de obra em nossa sociedade e em seus ramos de serviços. De acordo com uma pesquisa mostrada na página virtual da UOL, o setor com mais chance do fortalecimento do processo de automação é o de preparação de comida, com 64% de probabilidade. O fato é que a qualificação da mão de obra será cada vez mais exigida e o uso das tecnologias será inevitável.
A maneira como lidaremos com essa questão será crucial para o desenvolvimento humano, mesmo que esse processo não seja homogêneo em todo o planeta. De acordo com uma pesquisa feita pela empresa de consultoria empresarial americana, McKinsey, países com o domínio tecnológico advindo junto com o impactante processo de globalização, marcado pela Revolução Técnico-Científico-Informacional, serão mais afetados pelo processo de automação do que os países com menos acesso a esse recurso, visto que mais setores serão afetados pelo avanço tecnológico. Vale ressaltar que boa parte desses países apresenta a taxa de crescimento vegetativo negativa, ou seja, possui mais indivíduos morrendo do que nascendo, sendo um dos fatos que faz com que a questão da empregabilidade não seja tão afetada quanto em países emergentes, por exemplo.
Principalmente nos países que não estão preparados completamente para essa situação, o futuro será duvidoso e a adaptação ao surgimento das novas tecnologias é essencial para o estabelecimento de soluções para a subtração da ocorrência do desemprego. A preparação para a população para o surgimento de novos empregos é uma dessas medidas para contribuir com o progresso social.
Plataformas sócio-virtuais que estabeleçam a comunicação com a população acerca do desenvolvimento de empregos e ofereçam novos postos de trabalhos devem ser mais efetivadas ao decorrer do tempo. A adaptação é uma construção social.",qualificacao-e-o-futuro-do-emprego,[160 200 120 120  80 680],"[140, 120, 120, 100, 120, 600]","response:
GenerateContentResponse(
    done=True,
    iterator=None,
    result=protos.GenerateContentResponse({
      ""candidates"": [
        {
          ""content"": {
            ""parts"": [
              {
                ""text"": ""[140, 120, 120, 100, 120, 600]\n""
              }
            ],
            ""role"": ""model""
          },
          ""finish_reason"": ""STOP"",
          ""avg_logprobs"": -0.021873464507441365
        }
      ],
      ""usage_metadata"": {
        ""prompt_token_count"": 6245,
        ""candidates_token_count"": 31,
        ""total_token_count"": 6276
      }
    }),
)"
7.html,"Com o advento das novas tecnologias, muitas expectativas acerca de como o seu uso poderá afetar a nossa sociedade foram criadas, sejam elas de aspecto positivo, seja elas preocupantes. Nos ofícios, por exemplo, a automação do trabalho antes realizado incontestavelmente por humanos começa a ser mais discutido e gera um ambiente duvidoso e preocupante acerca de sua mão de obra.
Por incomensuráveis vezes pode-se abordar impactos da substituição da mão de obra em nossa sociedade e em seus ramos de serviços. De acordo com uma pesquisa mostrada na página virtual da UOL, o setor com mais chance do fortalecimento do processo de automação é o de preparação de comida, com 64% de probabilidade. O fato é que a qualificação da mão de obra será cada vez mais exigida e o uso das tecnologias será inevitável.
A maneira como lidaremos com essa questão será crucial para o desenvolvimento humano, mesmo que esse processo não seja homogêneo em todo o planeta. De acordo com uma pesquisa feita pela empresa de consultoria empresarial americana, McKinsey, países com o domínio tecnológico advindo junto com o impactante processo de globalização, marcado pela Revolução Técnico-Científico-Informacional, serão mais afetados pelo processo de automação do que os países com menos acesso a esse recurso, visto que mais setores serão afetados pelo avanço tecnológico. Vale ressaltar que boa parte desses países apresenta a taxa de crescimento vegetativo negativa, ou seja, possui mais indivíduos morrendo do que nascendo, sendo um dos fatos que faz com que a questão da empregabilidade não seja tão afetada quanto em países emergentes, por exemplo.
Principalmente nos países que não estão preparados completamente para essa situação, o futuro será duvidoso e a adaptação ao surgimento das novas tecnologias é essencial para o estabelecimento de soluções para a subtração da ocorrência do desemprego. A preparação para a população para o surgimento de novos empregos é uma dessas medidas para contribuir com o progresso social.
Plataformas sócio-virtuais que estabeleçam a comunicação com a população acerca do desenvolvimento de empregos e ofereçam novos postos de trabalhos devem ser mais efetivadas ao decorrer do tempo. A adaptação é uma construção social.",qualificacao-e-o-futuro-do-emprego,[160 160 160 120  80 680],"[140, 120, 120, 100, 120, 600]","response:
GenerateContentResponse(
    done=True,
    iterator=None,
    result=protos.GenerateContentResponse({
      ""candidates"": [
        {
          ""content"": {
            ""parts"": [
              {
                ""text"": ""[140, 120, 120, 100, 120, 600]\n""
              }
            ],
            ""role"": ""model""
          },
          ""finish_reason"": ""STOP"",
          ""avg_logprobs"": -0.00030864916381336026
        }
      ],
      ""usage_metadata"": {
        ""prompt_token_count"": 6910,
        ""candidates_token_count"": 31,
        ""total_token_count"": 6941
      }
    }),
)"
6.html,"Em ""Tempos modernos"", Chaplin nos apresenta um trabalhador fabril que em seu repetitivo trabalho quase se funde a máquina. Hoje quase um século após o filme as transformações no mundo do trabalho dispensam esse trabalhador que realiza funções de máquina. Estamos agora diante da quarta revolução industrial marcada pela presença da IA (inteligência artificial) essa agora de máquinas cumprindo papéis humanos. Esse momento novo em nossa história nos coloca frente à questão: como valorizar o humano na era da inteligência artificial?
Observar como está a saúde do mercado de trabalho é um bom ponto de partida para analisar o nosso momento social uma vez que a sociedade e o mundo do trabalho estão fortemente ligados. Neste sentido o que observarmos é uma redução cada faz maior dos postos de trabalho e no âmbito social um aumento populacional enorme tornando portanto o mercado mais competitivo onde muitos lutam por poucas vagas. Cada vez mais o mercado busca pelo trabalho especializado que exigem graduação isso já no presente momento, a tendência com a implementação da inteligência artificial é uma exigência ainda maior em um mundo que já passou a muito a casa dos 7 bilhões de habitantes.
Os países em desenvolvimento e os subdesenvolvidos que não dispõem de uma população qualificada devem ser os maiores atingidos e podem ver no longo prazo uma precarização do trabalho e um empobrecimento geral. Em países desenvolvidos como a Alemanha por exemplo a indústria automobilística já automatizou todas as suas montadoras, o trabalho humano no setor produtivo não é mais necessário restando apenas as funções gerências e administrativas que no futuro com a implantação da IA também farão a mão-de-obra humana dispensável em muitos casos.
É necessário pensar o futuro, preparar a sociedade para as mudanças. É fundamental investir pesado em educação da base a pesquisa nossos governantes devem entender que educação não é um gasto é um investimento para o futuro. Nenhuma grande potência nasceu sem investimento em educação. Uma nova distribuição da riqueza também deve ser pensada pois já observamos o crescimento do número de pessoas acima de sessenta anos além disso a o fato de que mesmo no melhor cenário econômico será impossível empregar a todos no futuro. Nesse cenário a concentração de renda pode aumentar sendo necessário mecanismos que redistribuam a riqueza. Muito ainda será pensado e dito sobre a revolução da IA a única certeza é a necessidade de valorizar sobre tudo a vida humana e que está não seja descartável como as máquinas que consideramos ultrapassadas.",qualificacao-e-o-futuro-do-emprego,[120 160 160 120 120 680],"[160, 140, 140, 120, 140, 700]","response:
GenerateContentResponse(
    done=True,
    iterator=None,
    result=protos.GenerateContentResponse({
      ""candidates"": [
        {
          ""content"": {
            ""parts"": [
              {
                ""text"": ""[160, 140, 140, 120, 140, 700]\n""
              }
            ],
            ""role"": ""model""
          },
          ""finish_reason"": ""STOP"",
          ""avg_logprobs"": -0.0022156550999610654
        }
      ],
      ""usage_metadata"": {
        ""prompt_token_count"": 7618,
        ""candidates_token_count"": 31,
        ""total_token_count"": 7649
      }
    }),
)"
9.html,"O século XX foi marcado por crises humanitárias, guerras de grandes proporções e, consequentemente, pelo elevado número de imigrantes. Atualmente, os fatores que motivaram migrações no passado, como, por exemplo, as perseguições políticas e as crises econômicas, ainda estão presentes no mundo, o que mantém o fluxo migratório constante. É evidente que os problemas dos povos que buscam moradia em outros países aumentam cada vez mais, uma vez que existem países que negam auxílio a essas pessoas.
Em 1948, a Organização das Nações Unidas criou a Declaração Universal dos Direitos Humanos, um dos documentos mais importantes sobre os direitos fundamentais de todos, que se opunha, dentre outros, à tortura e ao desrespeito contra a dignidade da pessoa humana. Apesar da existência de tal documento, muitos países colocam-se contra esses direitos inaliáveis quando optam por não atender, de qualquer maneira, pedidos de abrigo. Seja pela perspectiva nacionalista ou pela aversão ao multiculturalismo, decisões do tipo caracterizam-se como tortura indireta, pois vulnerabilizam ainda mais alguns grupos, expondo-os, por exemplo, à doenças e atos de violência militar.
Tal como outras nações, o presidente do Brasil, Jair Bolsonaro, mostra-se contrario à decisão de aceitar imigrantes no país. Uma decisão contraditória para um país cujo a Constituição Federal prega a construção de uma sociedade solidária.
Portanto, o Governo Federal do Brasil deve continuar a auxiliar imigrantes, visando garantir seus direitos e seguir a Constituição Federal, e integrá-los ao mercado de trabalho para, em uma relação de mutualismo, colaborarem no desenvolvimento da economia.",o-brasil-e-os-imigrantes-no-mundo-contemporaneo,[160 200 160 160 120 800],"[120, 100, 80, 100, 80, 480]","response:
GenerateContentResponse(
    done=True,
    iterator=None,
    result=protos.GenerateContentResponse({
      ""candidates"": [
        {
          ""content"": {
            ""parts"": [
              {
                ""text"": ""[120, 100, 80, 100, 80, 480]\n""
              }
            ],
            ""role"": ""model""
          },
          ""finish_reason"": ""STOP"",
          ""avg_logprobs"": -0.04101306816627239
        }
      ],
      ""usage_metadata"": {
        ""prompt_token_count"": 1247,
        ""candidates_token_count"": 29,
        ""total_token_count"": 1276
      }
    }),
)"
15.html,"A condenação em segunda instância está causando muitas discussões no meio jurídico. Após a decisão de liberar alguns presos condenados em segunda instância, dentre eles o ex-presidente Lula, o assunto está presente diariamente na imprensa e nas mídias sociais.
Trata-se de um assunto muito delicado, pois envolvem crimes que prejudicaram uma outra parte e que causaram danos irreparáveis para alguns. A justiça brasileira precisará analisar com muita cautela qual decisão será tomada, visto que não agradará parte da população independente da decisão que for tomada.
Deve-se levar em conta que está sendo analisado apenas o lado do suposto criminoso e pouco se fala ou se faz para que a justiça seja feita de uma maneira que o(s) prejudicado(s) fiquem satisfeitos com as decisões proferidas. A justiça brasileira precisa fazer algumas modificações nas leis para que os acusados tenham a punição adequada e demonstrar para a população que a justiça funciona, minimizando ao máximo a sensação de impunidade e fortalecendo a credibilidade jurídica perante a população.
Portanto, os condenados em segunda instância devem aguardar presos por seus julgamentos enquanto a justiça faz a parte dela apurando todos os fatos e recursos que forem necessários para que seja sentenciada a decisão correta.",um-reu-deve-ou-nao-ser-preso-apos-a-condenacao-em-2-instancia,[ 80 120 120  80  80 480],"[100, 80, 60, 80, 60, 380]","response:
GenerateContentResponse(
    done=True,
    iterator=None,
    result=protos.GenerateContentResponse({
      ""candidates"": [
        {
          ""content"": {
            ""parts"": [
              {
                ""text"": ""[100, 80, 60, 80, 60, 380]\n""
              }
            ],
            ""role"": ""model""
          },
          ""finish_reason"": ""STOP"",
          ""avg_logprobs"": -0.01702951501916956
        }
      ],
      ""usage_metadata"": {
        ""prompt_token_count"": 2296,
        ""candidates_token_count"": 27,
        ""total_token_count"": 2323
      }
    }),
)"
11.html,"No Brasil contemporâneo vivenciamos o impacto da imigração de venezuelanos por meio da fronteira entre Brasil, no estado de Roraima, e Venezuela. O êxodo venezuelano tem se desdobrado em discussões, debates, medidas governamentais de gerenciamento dos imigrantes e, finalmente, a medida mais drástica, a ameaça de retirada do Brasil do Pacto Mundial para Migração pelo Presidente da República, Jair Messias Bolsonaro.
A questão de frente é a crise nos países de origem dos imigrantes gerada por governos corruptos, ditatoriais, guerras, conflitos internos e crise econômica além da falta de desenvolvimento na educação, carência de estruturas básicas de saneamento entre outros déficits. Já a questão de fundo, ofuscada pelo medo e desinformação, é a situação de imigrantes e refugiados que ficam à margem da sociedade e se sustentam apenas na esperança de sobreviverem em um país com condições diversas do seu país de origem.
A retirada do Brasil do Pacto Mundial para Migração é um erro, é a negação do estado de direito daqueles que se socorrem em nossa nação, pois o contexto da Constituição de 1988 assevera que somos uma nação solidária e que em nossas relações internacionais prevalecerão os direitos humanos e a cooperação entre os povos para o progresso da humanidade, o que significa que a saída do Brasil desse acordo é a negação da própria Constituição Federal, a carta inaugural da República Federativa Brasileira.
O Brasil é um país emergente, uma nação em ascensão com plenas condições de acolher imigrantes, sua acolhida significa, além de progresso, também o desenvolvimento e demonstração de prevalência dos direitos humanos com o absoluto respeito a dignidade da pessoa humana.",o-brasil-e-os-imigrantes-no-mundo-contemporaneo,[160 120 120  80   0 480],"[160, 140, 120, 140, 120, 680]","response:
GenerateContentResponse(
    done=True,
    iterator=None,
    result=protos.GenerateContentResponse({
      ""candidates"": [
        {
          ""content"": {
            ""parts"": [
              {
                ""text"": ""[160, 140, 120, 140, 120, 680]\n""
              }
            ],
            ""role"": ""model""
          },
          ""finish_reason"": ""STOP"",
          ""avg_logprobs"": -0.011091352470459477
        }
      ],
      ""usage_metadata"": {
        ""prompt_token_count"": 3585,
        ""candidates_token_count"": 31,
        ""total_token_count"": 3616
      }
    }),
)"
9.html,"Recentemente há uma discussão que está em andamento no Supremo Tribunal Federal, se o réu aguarda o julgamento em liberdade ou é preso no máximo em segunda instância. Muitas vezes é necessário rever o caso para não haver injustiça, pois cada caso é um caso, mas em determinados casos, quando as evidências são comprovadas na primeira instância, é necessário expedir a prisão do réu logo no início, por fazermos parte de um país que permite certas liberdades e facilidades, como por exemplo o caso do ex-presidente Luis Inácio Lula da Silva que está sendo acusado por vários processos.
Nesses últimos anos o que mais vemos e acompanhamos de notícias no país é que o mesmo está respondendo por vários processos (do sítio em Atibaia, tríplex no Guarujá, envolvimentos por receptação de benefícios por licitações, entre outros), mas como a justiça aqui no Brasil é lenta e está mais que comprovando o seu envolvimento direto nestes casos, faz-se necessária a prisão imediata para não haver a liberdade de pedir asilo político a outros países e assim permitir-se ficar livre.
Enquanto não tivermos uma justiça precisa, eficiente e certeira, todos sem exceção devem cumprir a mesma regra para que não haja injustiça perante os demais.",um-reu-deve-ou-nao-ser-preso-apos-a-condenacao-em-2-instancia,[120 120 120 120 120 600],"[100, 80, 60, 80, 60, 380]","response:
GenerateContentResponse(
    done=True,
    iterator=None,
    result=protos.GenerateContentResponse({
      ""candidates"": [
        {
          ""content"": {
            ""parts"": [
              {
                ""text"": ""[100, 80, 60, 80, 60, 380]\n""
              }
            ],
            ""role"": ""model""
          },
          ""finish_reason"": ""STOP"",
          ""avg_logprobs"": -0.005292408996158176
        }
      ],
      ""usage_metadata"": {
        ""prompt_token_count"": 4640,
        ""candidates_token_count"": 27,
        ""total_token_count"": 4667
      }
    }),
)"
4.html,"A prisão do réu após a condenação em segunda instância é algo que já foi discutido em ocasiões passadas e vem sendo discutido novamente no Brasil. Com isso, levante-se a questão se é justo ou não tal atitude antes mesmo de esgotados todos os recursos cabíveis, ou seja, antes do trânsito em julgado.
O primeiro aspecto a ser abordado é que atualmente, no Brasil, o réu é preso logo após a condenação em segunda instância, momento em que ele passa a cumprir sua pena. No entanto, isso vai em desacordo com um dispositivo da constitucional, que versa que o réu só poderá ser preso após o trânsito em julgado, bem como fere o princípio da presunção de inocência.
O segundo aspecto a ser frisado é a questão da impunibilidade, haja vista que se a justiça brasileira decretar a prisão do réu só depois de esgotado todos os recursos cabíveis, a sensação de não punição aumentaria entre as pessoas e, por conseguinte, os delitos aumentariam, gerando ainda mais morosidade na justiça brasileira.
Dessa forma, torna-se evidente que a prisão do réu seja logo após a condenação em primeira instância, para que a sociedade acredite na função punitiva do Estado, e os delituosos possam ter o mínimo de sensação de punibilidade por parte do Estado. Caso contrário, a morosidade processual impactaria ainda mais, devido aos grandes números de processos tramitando perante à justiça brasileira.",um-reu-deve-ou-nao-ser-preso-apos-a-condenacao-em-2-instancia,[160 120 160 160  80 680],"[120, 100, 80, 100, 80, 480]","response:
GenerateContentResponse(
    done=True,
    iterator=None,
    result=protos.GenerateContentResponse({
      ""candidates"": [
        {
          ""content"": {
            ""parts"": [
              {
                ""text"": ""[120, 100, 80, 100, 80, 480]\n""
              }
            ],
            ""role"": ""model""
          },
          ""finish_reason"": ""STOP"",
          ""avg_logprobs"": -0.02263935269980595
        }
      ],
      ""usage_metadata"": {
        ""prompt_token_count"": 5731,
        ""candidates_token_count"": 29,
        ""total_token_count"": 5760
      }
    }),
)"
16.html,"Desde o início da civilização ocidental, o sistema greco-romano compõem os alicerces destas sociedades. Com seu cerne no sistema citado, a aplicação da justiça brasileira poderá sofrer mudanças a partir da decisão do STF se um réu deve ou não ser condenado em segunda instância. Diante dessa questão, cabe analisar os dois principais motivos pelos quais a decisão deve ser a favor do encarceramento em segunda instância.
Primeiramente, a revogação da prisão em segunda instância viola o estado democrático de direito. Sabe-se que, na interpretação jurídica vigente, um réu, após ser condenado por um juiz e um desembargador, possui sua liberdade cassada. Entretanto, caso o STF decida pela liberdade do réu até que este seja julgado em terceira instância, o estado estará desconsiderando os julgamentos anteriores dos profissionais defensores da lei. Nesse sentido, a medida em que o órgão governamental de certa forma anulas as duas decisões judiciais anteriores, vigorando apenas o terceiro julgamento, este está, portanto, indo contra o princípio democrático, que baseia-se na decisão da maioria.
Em segundo plano, a retirada do aprisionamento em segunda instância promove a manutenção da impunidade no país. De acordo com Emile Durkheim, em virtude de transformações, as normas e valores sociais de uma civilização podem ser desestruturados. Sob esse viés, em uma sociedade em que indivíduos não possuem sua liberdade retirada após serem condenados em dois julgamentos, ocorre o esfacelamento da norma social de boa conduta.
Em suma, a decisão do Superior Tribunal Federal contra a condenação em segunda instância acarreta em dois grandes entraves para a sociedade brasileira, que serão responsáveis pela desestruturação da moral e da democracia.",um-reu-deve-ou-nao-ser-preso-apos-a-condenacao-em-2-instancia,[160 160 160 160   0 640],"[140, 120, 100, 120, 100, 580]","response:
GenerateContentResponse(
    done=True,
    iterator=None,
    result=protos.GenerateContentResponse({
      ""candidates"": [
        {
          ""content"": {
            ""parts"": [
              {
                ""text"": ""[140, 120, 100, 120, 100, 580]\n""
              }
            ],
            ""role"": ""model""
          },
          ""finish_reason"": ""STOP"",
          ""avg_logprobs"": -0.0002514084260309896
        }
      ],
      ""usage_metadata"": {
        ""prompt_token_count"": 6887,
        ""candidates_token_count"": 31,
        ""total_token_count"": 6918
      }
    }),
)"
7.html,"É indubitável que à polêmica acerca de imigrantes no Brasil vêm crescendo majoritariamente, em sua maioria imigram por diversas causas, em consequência de crises políticas, governos ditatoriais, catástrofes naturais, condições humanas precárias em seus países de origem, mas, acima de tudo, buscando melhores condições de vida e trabalho.
Como supracitados anteriormente, eles buscam melhores condições de vida, sendo assim, torna-se necessário desvencilhar-se da visão preconceituosa que tanto nos assola, uma vez que, os brasileiros ainda na atualidade são contra a entrada de imigrantes por um medo descomunal do roubo acerca de seus ofícios, é de grande relevância lembrar que nosso país foi constituído de emigrantes portugueses, holandeses, entre outros, causando grande miscigenação e diversos valores em todo o Brasil. Por fim, é preciso que o governo hodierno adote políticas positivas acerca dessa conjuntura, auxiliando esses povos e garantindo a segurança dos mesmos. ",o-brasil-e-os-imigrantes-no-mundo-contemporaneo,[120  40  80 120  40 400],"[100, 80, 60, 80, 60, 380]","response:
GenerateContentResponse(
    done=True,
    iterator=None,
    result=protos.GenerateContentResponse({
      ""candidates"": [
        {
          ""content"": {
            ""parts"": [
              {
                ""text"": ""[100, 80, 60, 80, 60, 380]\n""
              }
            ],
            ""role"": ""model""
          },
          ""finish_reason"": ""STOP"",
          ""avg_logprobs"": -0.0015145453313986461
        }
      ],
      ""usage_metadata"": {
        ""prompt_token_count"": 8019,
        ""candidates_token_count"": 27,
        ""total_token_count"": 8046
      }
    }),
)"
19.html,"Ao se falar de condenação em 2ª instância o assunto traz um grande impasse, e que coloca, sobretudo, uma questão de inconstitucionalidade. As decisões sobre essas condenações vão de encontro a uma cláusula pétrea da Carta Magna, a presunção da Inocência.
Segundo levantamento realizado pelo Ministro Lewandowski, um terço dos recursos de habeas corpus, ao Supremo Tribunal de Justiça, tem suas penas revistas, partindo desse pressuposto, entende-se que as diversas possibilidades de recursos existentes no código penal brasileiro auxiliam na correção de possíveis injustiças.
Contudo, é evidente, em muitos casos, que recursos servem para postergar a penalidade do réu. Se há evidências e provas de sua autoria, não existem razões pelas quais protelar tal decisão, visto que os recursos aos tribunais superiores não tem por objetivo o julgamento individualizado do mérito. Ainda que a condenação em 2º instância venha causar inconformidade e julguem-a inconstitucional, é possível demonstrar o modo como ela vai de encontro a outros princípios constitucionais e favorece, se não aplicada, a impunidade. A exemplo desta temos o caso do jogador Edmundo que em 95 causou a morte de três pessoas em um acidente de transito, por conduzir seu veículo em alta velocidade. Após 4 anos, do fato, ele foi condenado em 1ª e em 2ª instancia. Porém, contestou novamente da decisão e interpôs recursos diversos, tantos foram que, somente depois de transcorridos mais dez anos foram concluídos.
Assim, conclui-se que a condenação em 2ª instância traz créditos positivos a justiça brasileira e o reconhecimento de que ela é efetiva, célere e colabora com a paz social.",um-reu-deve-ou-nao-ser-preso-apos-a-condenacao-em-2-instancia,[160 200 120 120   0 600],"[140, 120, 100, 120, 100, 580]","response:
GenerateContentResponse(
    done=True,
    iterator=None,
    result=protos.GenerateContentResponse({
      ""candidates"": [
        {
          ""content"": {
            ""parts"": [
              {
                ""text"": ""[140, 120, 100, 120, 100, 580]\n""
              }
            ],
            ""role"": ""model""
          },
          ""finish_reason"": ""STOP"",
          ""avg_logprobs"": -0.003931570197305371
        }
      ],
      ""usage_metadata"": {
        ""prompt_token_count"": 9168,
        ""candidates_token_count"": 31,
        ""total_token_count"": 9199
      }
    }),
)"
7.html,"É indubitável que à polêmica acerca de imigrantes no Brasil vêm crescendo majoritariamente, em sua maioria imigram por diversas causas, em consequência de crises políticas, governos ditatoriais, catástrofes naturais, condições humanas precárias em seus países de origem, mas, acima de tudo, buscando melhores condições de vida e trabalho.
Como supracitados anteriormente, eles buscam melhores condições de vida, sendo assim, torna-se necessário desvencilhar-se da visão preconceituosa que tanto nos assola, uma vez que, os brasileiros ainda na atualidade são contra a entrada de imigrantes por um medo descomunal do roubo acerca de seus ofícios, é de grande relevância lembrar que nosso país foi constituído de emigrantes portugueses, holandeses, entre outros, causando grande miscigenação e diversos valores em todo o Brasil. Por fim, é preciso que o governo hodierno adote políticas positivas acerca dessa conjuntura, auxiliando esses povos e garantindo a segurança dos mesmos. ",o-brasil-e-os-imigrantes-no-mundo-contemporaneo,[ 80  40  40   0   0 160],"[100, 80, 60, 80, 60, 380]","response:
GenerateContentResponse(
    done=True,
    iterator=None,
    result=protos.GenerateContentResponse({
      ""candidates"": [
        {
          ""content"": {
            ""parts"": [
              {
                ""text"": ""[100, 80, 60, 80, 60, 380]\n""
              }
            ],
            ""role"": ""model""
          },
          ""finish_reason"": ""STOP"",
          ""avg_logprobs"": -0.0007773205913879254
        }
      ],
      ""usage_metadata"": {
        ""prompt_token_count"": 10300,
        ""candidates_token_count"": 27,
        ""total_token_count"": 10327
      }
    }),
)"
8.html,"A Constituição Federal de 1988, em seu artigo 5, é clara ao determinar que, salvo nas hipóteses de prisões cautelares, ninguém será preso até o trânsito em julgado da sentença penal condenatória, ou seja, até que não caibam mais recursos. Apesar da previsão legal, o Supremo Tribunal Federal (STF) fez um ""malabarismo interpretativo"" ao julgar legítima a prisão do réu em segunda instância.
Nesse contexto, a Corte Suprema, quando julgou o tema, se afastou de sua função precípua que é aplicar a lei, tendo em vista que a competência para elaborá-las é do Poder Legislativo. Sem dúvida, o STF, ao passo que ignorou a interpretação literal e lógica da Constituição, se comportou como um rei absolutista que cria e aplica as normas ao seu próprio alvedrio.
Ademais, erroneamente, argumenta-se que a prisão após segunda instância é necessária, uma vez que o julgamento completo de uma ação penal, com o esgotamento de todos os recursos, é muito demorado e, assim, o réu permanece em liberdade durante todo o processo, de modo a fortificar o sentimento de impunidade perante a sociedade. Contudo, é importante dizer que não é razoável que alguém seja antecipadamente punido por pura ineficiência do Poder Judiciário em dar celeridade às suas demandas. Ora, se há morosidade, isso deve ser solucionado de uma forma que não aniquile o princípio da presunção de inocência!
Portanto, tal medida validada pelo STF é um atentado contra a ordem constitucional. Por conta disso, para sanar tal controvérsia, deverá o Poder Legislativo aprovar lei que detalhe claramente a vedação à prisão em segunda instância, sob pena de violação a um caro direito fundamental.",um-reu-deve-ou-nao-ser-preso-apos-a-condenacao-em-2-instancia,[ 200  200  200  200  200 1000],"[160, 140, 120, 140, 120, 680]","response:
GenerateContentResponse(
    done=True,
    iterator=None,
    result=protos.GenerateContentResponse({
      ""candidates"": [
        {
          ""content"": {
            ""parts"": [
              {
                ""text"": ""[160, 140, 120, 140, 120, 680]\n\n""
              }
            ],
            ""role"": ""model""
          },
          ""finish_reason"": ""STOP"",
          ""avg_logprobs"": -0.029491653365473592
        }
      ],
      ""usage_metadata"": {
        ""prompt_token_count"": 11478,
        ""candidates_token_count"": 31,
        ""total_token_count"": 11509
      }
    }),
)"
4.html,"A prisão do réu após a condenação em segunda instância é algo que já foi discutido em ocasiões passadas e vem sendo discutido novamente no Brasil. Com isso, levante-se a questão se é justo ou não tal atitude antes mesmo de esgotados todos os recursos cabíveis, ou seja, antes do trânsito em julgado.
O primeiro aspecto a ser abordado é que atualmente, no Brasil, o réu é preso logo após a condenação em segunda instância, momento em que ele passa a cumprir sua pena. No entanto, isso vai em desacordo com um dispositivo da constitucional, que versa que o réu só poderá ser preso após o trânsito em julgado, bem como fere o princípio da presunção de inocência.
O segundo aspecto a ser frisado é a questão da impunibilidade, haja vista que se a justiça brasileira decretar a prisão do réu só depois de esgotado todos os recursos cabíveis, a sensação de não punição aumentaria entre as pessoas e, por conseguinte, os delitos aumentariam, gerando ainda mais morosidade na justiça brasileira.
Dessa forma, torna-se evidente que a prisão do réu seja logo após a condenação em primeira instância, para que a sociedade acredite na função punitiva do Estado, e os delituosos possam ter o mínimo de sensação de punibilidade por parte do Estado. Caso contrário, a morosidade processual impactaria ainda mais, devido aos grandes números de processos tramitando perante à justiça brasileira.",um-reu-deve-ou-nao-ser-preso-apos-a-condenacao-em-2-instancia,[160 120 120 160  80 640],"[120, 100, 80, 100, 80, 480]","response:
GenerateContentResponse(
    done=True,
    iterator=None,
    result=protos.GenerateContentResponse({
      ""candidates"": [
        {
          ""content"": {
            ""parts"": [
              {
                ""text"": ""[120, 100, 80, 100, 80, 480]\n""
              }
            ],
            ""role"": ""model""
          },
          ""finish_reason"": ""STOP"",
          ""avg_logprobs"": -0.019353159542741447
        }
      ],
      ""usage_metadata"": {
        ""prompt_token_count"": 1063,
        ""candidates_token_count"": 29,
        ""total_token_count"": 1092
      }
    }),
)"
1.html,"Consoante a constituição federal vigente, ninguém será preso até a condenação transitada em julgado. A carta magna é clara quanto ao tempo em que se deve começar, de fato, o cumprimento do regime. Todavia, a constituição expressa a vontade do povo, o qual é realmente o detentor originário do poder constituinte, sendo assim, não é possível que se interprete a constituição apenas de forma literal, é necessário levar em conta também a opinião a quem vai recair essas mudanças.
O Brasil é signatário de vários tratados e convenções internacionais, inclusive, a constituição federal de 1988 possui diversos dispositivos extraídos desses acordos. Um deles, de suma importância, decorre da Declaração Universal dos Direitos Humanos, de 1948, o qual é o princípio da presunção de inocência. Muitas pessoas que são contra a prisão após a segunda instância se apoiam nesse princípio, dizendo que se ainda é possível recorrer, não há que se falar em prisão. O problema é que após a segunda instância não se avalia mais as provas e seus conteúdos, mas apenas as matérias constitucionais, ou seja, o condenado já é culpado, o que falta é apenas uma formalidade em que os tribunais superiores ratificam que tudo está em conformidade com a constituição.
Além disso, essas instâncias superiores, de certo modo, ferem o princípio da isonomia, visto que não são acessíveis a todos, e sim a um grupo seleto de pessoas com alto poder aquisitivo, que podem contratar os melhores advogados com capacidade de elaborar e de se fazer chegar esses pedidos ao plenário dos tribunais superiores. Como nossa lei penal retroage em favor do réu, caso mudem o atual entendimento de que a prisão após segunda instância é lícita, muitos poderão ser beneficiados, inclusive, estupradores, traficantes, corruptos. Por ser maioria o número de pessoas a favor do entendimento atual e para se garantir o sentimento de justiça, o STF precisa manter seu entendimento de 2016, pois tais mudanças, em um espaço tão curto de tempo, acarretam prejuízos à sociedade e grave instabilidade na ordem jurídica.
Percebe-se, portanto, que para que o país realmente deixe de ser conhecido como o país da impunidade, não basta que apenas seja mantida a prisão após segunda instância, como também que se endureça ainda mais as penas. Para que tudo isso seja possível, é imprescindível que a população mude seus pensamentos, mostre que realmente quer mudanças e que está disposta a lutar por isso, pois só assim, lutando, que será possível a concretização, de fato, do que traz a nossa constituição em seu artigo 5º: ""todos são iguais perante a lei"".",um-reu-deve-ou-nao-ser-preso-apos-a-condenacao-em-2-instancia,[160 200 160 160 160 840],"[160, 140, 120, 140, 120, 680]","response:
GenerateContentResponse(
    done=True,
    iterator=None,
    result=protos.GenerateContentResponse({
      ""candidates"": [
        {
          ""content"": {
            ""parts"": [
              {
                ""text"": ""[160, 140, 120, 140, 120, 680]\n""
              }
            ],
            ""role"": ""model""
          },
          ""finish_reason"": ""STOP"",
          ""avg_logprobs"": -0.004544629685340389
        }
      ],
      ""usage_metadata"": {
        ""prompt_token_count"": 2436,
        ""candidates_token_count"": 31,
        ""total_token_count"": 2467
      }
    }),
)"
17.html,"Sabe-se que a era da revolução técnico-científica-informacional trouxe Profundas mudanças nos novos paradigmas sociais; pode-se mencionar a redução no numero de ofertas de empregos e também a demanda por pessoas qualificadas para atenderem os novos postos de trabalhos, já que o mesmo está sendo operado por máquinas. Portanto, observa-se que o mercado de trabalho ficou cada vez mais exigentes e novos postos de trabalho requerem boas qualificações para admissão, assim elevando o desemprego.
Por conseguinte, se constata uns percentuais números de pessoas que estão desempregadas ou em situações de subempregos, isso se deve há múltiplos fatores, o baixo nível escolar, desqualificação profissional e etc. Todavia, tais requisitos tendem resultarem no desencadeamento do desemprego, e por não atenderem as exigências postas no mercado de trabalhos se acentuaram os problemas de caráter sociais resultante do desempregos exacerbado.
Assim, cabe ressaltar que o desemprego foi surgindo na medida em que se acentuou uma gama de pessoas nas cidades, movido pelas melhorias nas condições de vidas que as zona urbana poderia proporcionar e também pela repulsão dos agricultores que não conseguiram se mantiver a sua sustentabilidade no rural, se obrigou a sair para buscarem melhores condições de vida, isso aliado às questões agrárias que foram importantíssimas para intensificar êxodo rural.
Contudo, os diversos são os fatores que podem desenvolver os desempregos, mas cabem às autoridades intervierem em tais problemas, tentando solucionar ou sanar. Portanto é relevante que os governantes do país priorizarem as políticas públicas para que tentar-se atenuarem o desemprego demasiado, investir mais na educação, impulsionar a economia do país para hajam novos postos de trabalhos e assim facilitarem o emprego a todos, sem exclusão. ",qualificacao-e-o-futuro-do-emprego,[ 80  80  80  80  80 400],"[100, 80, 80, 100, 80, 440]","response:
GenerateContentResponse(
    done=True,
    iterator=None,
    result=protos.GenerateContentResponse({
      ""candidates"": [
        {
          ""content"": {
            ""parts"": [
              {
                ""text"": ""[100, 80, 80, 100, 80, 440]\n""
              }
            ],
            ""role"": ""model""
          },
          ""finish_reason"": ""STOP"",
          ""avg_logprobs"": -0.03524289173739297
        }
      ],
      ""usage_metadata"": {
        ""prompt_token_count"": 3032,
        ""candidates_token_count"": 28,
        ""total_token_count"": 3060
      }
    }),
)"
9.html,"Recentemente há uma discussão que está em andamento no Supremo Tribunal Federal, se o réu aguarda o julgamento em liberdade ou é preso no máximo em segunda instância. Muitas vezes é necessário rever o caso para não haver injustiça, pois cada caso é um caso, mas em determinados casos, quando as evidências são comprovadas na primeira instância, é necessário expedir a prisão do réu logo no início, por fazermos parte de um país que permite certas liberdades e facilidades, como por exemplo o caso do ex-presidente Luis Inácio Lula da Silva que está sendo acusado por vários processos.
Nesses últimos anos o que mais vemos e acompanhamos de notícias no país é que o mesmo está respondendo por vários processos (do sítio em Atibaia, tríplex no Guarujá, envolvimentos por receptação de benefícios por licitações, entre outros), mas como a justiça aqui no Brasil é lenta e está mais que comprovando o seu envolvimento direto nestes casos, faz-se necessária a prisão imediata para não haver a liberdade de pedir asilo político a outros países e assim permitir-se ficar livre.
Enquanto não tivermos uma justiça precisa, eficiente e certeira, todos sem exceção devem cumprir a mesma regra para que não haja injustiça perante os demais.",um-reu-deve-ou-nao-ser-preso-apos-a-condenacao-em-2-instancia,[120  80  80  80  80 440],"[120, 100, 60, 80, 60, 420]","response:
GenerateContentResponse(
    done=True,
    iterator=None,
    result=protos.GenerateContentResponse({
      ""candidates"": [
        {
          ""content"": {
            ""parts"": [
              {
                ""text"": ""[120, 100, 60, 80, 60, 420]\n""
              }
            ],
            ""role"": ""model""
          },
          ""finish_reason"": ""STOP"",
          ""avg_logprobs"": -0.029417197619165694
        }
      ],
      ""usage_metadata"": {
        ""prompt_token_count"": 4084,
        ""candidates_token_count"": 28,
        ""total_token_count"": 4112
      }
    }),
)"
19.html,"O cenário do desemprego tem gerado desconforto e insegurança na rotina daqueles que fazem parte dessa estatística negativa, o indivíduo que se encontra nessa situação busca fazer o que pode, no intuito de se tornar qualificado, para que o mercado de trabalho o valorize. Porém, até que ponto é possível compreender os avanços que o mercado de serviço tem carregado com os tempos vindouros e continuar se qualificando de acordo com as exigências propostas?
Através dos diversos meios de comunicação não fica perceptível apenas o alto índice de desemprego, mas também a importância que os inativos tem atribuído a qualificação. Em uma das edições do Jornal Nacional da Rede Globo, foi apresentado no universo do desemprego o alto número de pessoas desqualificadas buscando completar os seus estudos do Ensino Fundamental e Médio, a conclusão do Ensino Superior e aqueles já certificados nesse último se projetando para o início de uma especialização.
Qualificar-se significa aprimorar para exercer melhor uma determinada função, esse é um papel que vem sendo muito bem desenvolvido com o avanço da tecnologia e gerando aprimoramentos em máquinas, isso faz com que o trabalho exercido por seres humanos perca informação e atualização, dessa forma a pessoa desempregada fica presa a recursos arcaicos que o mercado de trabalho tem desprezado, que aplica soluções inovadoras, mas sem informar como o indivíduo pode adquirir espaço dentro desse novo ambiente profissional.
O cidadão busca a qualificação, procura se atualizar, mas fica inseguro por não compreender este novo universo que vem sofrendo avanços cada vez mais rápido e superiores aos tempos passados. Não é necessário uma análise profunda para perceber o alto grau de importância que o avanço da tecnologia gerou no mundo, mas também é inegável que se criou um desconforto para aqueles que não compreendem esse avanço e apesar de desqualificados pelo mercado de trabalho precisam sobreviver e mais do que isso, viver dignamente. Existe um erro que é distanciar o indivíduo do avanço e da tecnologia enquanto esses deveriam se complementarem. O mercado de trabalho atualizando a sociedade com relação aos novos avanços e apontando um norte mais viável para as novas adequações, o indivíduo desempregado, pode optar por uma qualificação mais exata e não precisa ficar limitado por não entender as mudanças que o mercado sofre. ",qualificacao-e-o-futuro-do-emprego,[ 80 120 120  80  80 480],"[140, 120, 100, 120, 100, 580]","response:
GenerateContentResponse(
    done=True,
    iterator=None,
    result=protos.GenerateContentResponse({
      ""candidates"": [
        {
          ""content"": {
            ""parts"": [
              {
                ""text"": ""[140, 120, 100, 120, 100, 580]\n""
              }
            ],
            ""role"": ""model""
          },
          ""finish_reason"": ""STOP"",
          ""avg_logprobs"": -8.950160906439828e-05
        }
      ],
      ""usage_metadata"": {
        ""prompt_token_count"": 4766,
        ""candidates_token_count"": 31,
        ""total_token_count"": 4797
      }
    }),
)"
6.html,"A onda de imigrações vem crescendo constantemente a cada ano, e o Brasil entra na lista de países preferidos. Segundo dados do Comitê Nacional Para Refugiados (Conare), em 2017, o país recebeu mais de 33.866 pedidos de refúgios de imigrantes. Os motivos que levam essas pessoas a saírem do país de origem são as perseguições motivadas por raça, nacionalidade, religião e opiniões políticas. Porém, para a Acnur, agência da ONU para refugiados, a falta de acesso aos serviços básicos como saúde, educação, moradia e distribuição de renda também entram no rol de motivos que levam indivíduos a migrarem.
Um pacto global sobre imigração foi assinado por 152 países na ONU para acolher essas pessoas que fogem do país de origem em busca de emprego, moradia, saúde, educação e segurança. O Brasil vem sendo procurado, devido ao encurtamento de abertura dos Estados Unidos e países europeus, que ficaram de fora desse pacto. Também, leva-se em consideração a facilidade que o país dá aos pedidos de refúgio. Segundo Bernardo Laferté, coordenador-geral do Conare, em entrevista à BBC, disse que o pedido de refúgio no Brasil não exige taxas nem documentos.
Apesar da grande onda de imigração no Brasil, a realidade que essas pessoas encontram por aqui é de vulnerabilidade, desemprego e falta de moradia. Em 2016, a contratação de imigrantes em empregos formais caiu 13%, segundo dados do Observatório das Migrações Internacionais (ObMigra), com apoio do Conselho Nacional de Imigrações (Cenig ) e do Ministério do Trabalho. A crise que o país vem passando desde 2014, afetou não só os brasileiros como também os estrangeiros. No entanto, a lei de imigração, aprovada em maio de 2017, que garante aos imigrantes legais, refugiados e solicitantes de refúgio no Brasil os mesmos direitos que os brasileiros natos, inclusive de abrirem o próprio negócio, contribuiu para que os estrangeiros abrissem o seu próprio negócio para fugir dos problemas ocasionados pela crise econômica.
O Brasil deve formalizar e garantir os direitos dessas pessoas que vêm de fora, porque a imigração tem pontos positivos, pois podem aquecer a economia e enriquecer a diversidade cultural dos países buscados. Portanto, garantir emprego, documentação e dar cidadania a essas pessoas são de suma importância para que eles elas não se sintam violados e excluídos quando chegam em um local que não pertence as suas tradições. A documentação garantida, por exemplo, protege o imigrante de trabalhos irregulares e de exploração.",o-brasil-e-os-imigrantes-no-mundo-contemporaneo,[160 160 160 120 120 720],"[160, 140, 120, 140, 120, 680]","response:
GenerateContentResponse(
    done=True,
    iterator=None,
    result=protos.GenerateContentResponse({
      ""candidates"": [
        {
          ""content"": {
            ""parts"": [
              {
                ""text"": ""[160, 140, 120, 140, 120, 680]\n""
              }
            ],
            ""role"": ""model""
          },
          ""finish_reason"": ""STOP"",
          ""avg_logprobs"": -0.018579915646583803
        }
      ],
      ""usage_metadata"": {
        ""prompt_token_count"": 6268,
        ""candidates_token_count"": 31,
        ""total_token_count"": 6299
      }
    }),
)"
14.html,"A imigração de refugiado tem sido um dos maiores desafios das nações. Este transpassa a questão humanitária e vai de encontro a soberania de muitos países. Não diferente, O Brasil enfrenta, como os demais situação parecida. Nos últimos anos uma grande quantidade de refugiados têm transpassada a fronteira do país forçando o poder público medidas que garantam a integridade da soberania nacional e que esteja em consonância aos direitos humanos. 
Várias nações do mundo estão passando por percalços, seja por guerras, crises econômicas, conflitos internos, regimes ditatoriais... Fato que faz surgir refugiados que vislumbram nos países mais próximos a salva guarda para manterem a integridade. O que para estes é um alento, para o país que vão se refugiam se torna um problema. Que muitas vezes não está relacionado diretamente a um sentimento xenófobo, mas sim por uma questão social. No caso do Brasil, os refugiados da nossa nação adjacente se abrigaram em uma cidade de um estado da federação que tem grande dificuldade para cuidar até mesmo dos nativos. Causando um verdadeiro caos. O que fez aumentar ainda mais o sofrimento de quem já está em uma situação extrema.
Destarte que não basta o mero acolhimento, deve-se socorrer e fomentar uma nova expectativa de vida nestas pessoas que estão distantes do país de origem. O que tende a demandar tempo e recursos. No caso brasileiro um dispêndio a mais em um país que está em busca de reduzir despesas. Salientando que se faz necessário uma previa triagem para evitar que pessoas criminosas e mal-intencionadas venham fazer nação um local para praticas criminosa e potencialize a violência.
Desprende que o maior desafio no trato com os imigrantes está em conciliar a soberana força nacional de proteção com a aplicação de direitos humanos. É impensável deixar de ajudar o semelhante em apuros. Efetivar esse apoio sem prejudicar os demais é tarefa que requer recursos e planejamentos. O que aos poucos o país vai se consolidando. ",o-brasil-e-os-imigrantes-no-mundo-contemporaneo,[120 120 160 120  80 600],"[140, 120, 100, 120, 100, 580]","response:
GenerateContentResponse(
    done=True,
    iterator=None,
    result=protos.GenerateContentResponse({
      ""candidates"": [
        {
          ""content"": {
            ""parts"": [
              {
                ""text"": ""[140, 120, 100, 120, 100, 580]\n""
              }
            ],
            ""role"": ""model""
          },
          ""finish_reason"": ""STOP"",
          ""avg_logprobs"": -0.00021160144599214676
        }
      ],
      ""usage_metadata"": {
        ""prompt_token_count"": 7623,
        ""candidates_token_count"": 31,
        ""total_token_count"": 7654
      }
    }),
)"
0.html,"Anos após anos uma vaga de emprego demandar cada vez mais qualificações do empregado, que na maioria das vezes concluíram o curso superior e são incapazes de trabalha nesse ramo e optam por um emprego informal. Esse fenômeno ocorre porque o mercado de trabalho se modifica constantemente de maneira que algumas profissões são extintas pois são ocupadas por maquinas.
No filme ""Estrelas além do Tempo"", de 2016, contar a história de três calculadoras humanas, que eram muito requisitadas por centros de pesquisa antes dos surgimentos das modernas calculadoras eletrônicas e dos computadores. No longa-metragem, vemos a personagem Dorothy Vougham que ao saber que a Nasa tinha comprado um novo computador que fazia 24mil cálculos por segundo, o que colocava seu emprego em risco, Dorothy resolveu aprender a programar esse mesmo computador e ensinar suas companheiras.
No mercado de trabalho e necessário está sempre se adaptando pois ele e instável fazendo com que algumas profissões sumam enquanto novas apareçam como gestores de mídias sociais.",qualificacao-e-o-futuro-do-emprego,[ 80  80  80 120   0 360],"[100, 80, 60, 80, 60, 380]","response:
GenerateContentResponse(
    done=True,
    iterator=None,
    result=protos.GenerateContentResponse({
      ""candidates"": [
        {
          ""content"": {
            ""parts"": [
              {
                ""text"": ""[100, 80, 60, 80, 60, 380]\n""
              }
            ],
            ""role"": ""model""
          },
          ""finish_reason"": ""STOP"",
          ""avg_logprobs"": -0.007824935294963696
        }
      ],
      ""usage_metadata"": {
        ""prompt_token_count"": 8046,
        ""candidates_token_count"": 27,
        ""total_token_count"": 8073
      }
    }),
)"
16.html,"Desde o início da civilização ocidental, o sistema greco-romano compõem os alicerces destas sociedades. Com seu cerne no sistema citado, a aplicação da justiça brasileira poderá sofrer mudanças a partir da decisão do STF se um réu deve ou não ser condenado em segunda instância. Diante dessa questão, cabe analisar os dois principais motivos pelos quais a decisão deve ser a favor do encarceramento em segunda instância.
Primeiramente, a revogação da prisão em segunda instância viola o estado democrático de direito. Sabe-se que, na interpretação jurídica vigente, um réu, após ser condenado por um juiz e um desembargador, possui sua liberdade cassada. Entretanto, caso o STF decida pela liberdade do réu até que este seja julgado em terceira instância, o estado estará desconsiderando os julgamentos anteriores dos profissionais defensores da lei. Nesse sentido, a medida em que o órgão governamental de certa forma anulas as duas decisões judiciais anteriores, vigorando apenas o terceiro julgamento, este está, portanto, indo contra o princípio democrático, que baseia-se na decisão da maioria.
Em segundo plano, a retirada do aprisionamento em segunda instância promove a manutenção da impunidade no país. De acordo com Emile Durkheim, em virtude de transformações, as normas e valores sociais de uma civilização podem ser desestruturados. Sob esse viés, em uma sociedade em que indivíduos não possuem sua liberdade retirada após serem condenados em dois julgamentos, ocorre o esfacelamento da norma social de boa conduta.
Em suma, a decisão do Superior Tribunal Federal contra a condenação em segunda instância acarreta em dois grandes entraves para a sociedade brasileira, que serão responsáveis pela desestruturação da moral e da democracia.",um-reu-deve-ou-nao-ser-preso-apos-a-condenacao-em-2-instancia,[160 200 160 160   0 680],"[160, 140, 100, 120, 100, 620]","response:
GenerateContentResponse(
    done=True,
    iterator=None,
    result=protos.GenerateContentResponse({
      ""candidates"": [
        {
          ""content"": {
            ""parts"": [
              {
                ""text"": ""[160, 140, 100, 120, 100, 620]\n""
              }
            ],
            ""role"": ""model""
          },
          ""finish_reason"": ""STOP"",
          ""avg_logprobs"": -0.007557439227258006
        }
      ],
      ""usage_metadata"": {
        ""prompt_token_count"": 9200,
        ""candidates_token_count"": 31,
        ""total_token_count"": 9231
      }
    }),
)"
8.html,"A Constituição Federal de 1988, em seu artigo 5, é clara ao determinar que, salvo nas hipóteses de prisões cautelares, ninguém será preso até o trânsito em julgado da sentença penal condenatória, ou seja, até que não caibam mais recursos. Apesar da previsão legal, o Supremo Tribunal Federal (STF) fez um ""malabarismo interpretativo"" ao julgar legítima a prisão do réu em segunda instância.
Nesse contexto, a Corte Suprema, quando julgou o tema, se afastou de sua função precípua que é aplicar a lei, tendo em vista que a competência para elaborá-las é do Poder Legislativo. Sem dúvida, o STF, ao passo que ignorou a interpretação literal e lógica da Constituição, se comportou como um rei absolutista que cria e aplica as normas ao seu próprio alvedrio.
Ademais, erroneamente, argumenta-se que a prisão após segunda instância é necessária, uma vez que o julgamento completo de uma ação penal, com o esgotamento de todos os recursos, é muito demorado e, assim, o réu permanece em liberdade durante todo o processo, de modo a fortificar o sentimento de impunidade perante a sociedade. Contudo, é importante dizer que não é razoável que alguém seja antecipadamente punido por pura ineficiência do Poder Judiciário em dar celeridade às suas demandas. Ora, se há morosidade, isso deve ser solucionado de uma forma que não aniquile o princípio da presunção de inocência!
Portanto, tal medida validada pelo STF é um atentado contra a ordem constitucional. Por conta disso, para sanar tal controvérsia, deverá o Poder Legislativo aprovar lei que detalhe claramente a vedação à prisão em segunda instância, sob pena de violação a um caro direito fundamental.",um-reu-deve-ou-nao-ser-preso-apos-a-condenacao-em-2-instancia,[200 160 200 200 120 880],"[180, 160, 140, 160, 140, 780]","response:
GenerateContentResponse(
    done=True,
    iterator=None,
    result=protos.GenerateContentResponse({
      ""candidates"": [
        {
          ""content"": {
            ""parts"": [
              {
                ""text"": ""[180, 160, 140, 160, 140, 780]\n""
              }
            ],
            ""role"": ""model""
          },
          ""finish_reason"": ""STOP"",
          ""avg_logprobs"": -0.0005256847869003973
        }
      ],
      ""usage_metadata"": {
        ""prompt_token_count"": 10382,
        ""candidates_token_count"": 31,
        ""total_token_count"": 10413
      }
    }),
)"
7.html,"A homofobia vem aumentando diariamente, praticada por pessoas que dispõem de uma série de informações, opiniões, mas se recusam a aceitar o próximo, sobretudo se ele for julgado como “diferente” do que é acostumado se ver. Um dado alarmante, que necessita de atenção redobrada para que ao menos possamos sonhar com uma sociedade igualitária.
Em 2017, até o mês de maio, 117 pessoas foram assassinadas no Brasil devido à homofobia. É um assassinato a cada 25 horas, segundo o Grupo Gay da Bahia(GGB). Em 2016, consoante a Associação Internacional de Lésbicas, Gays, Bissexuais, Transgêneros e Intersexuais, 340 LGBTs foram mortos no Brasil. Em 2015, foram registradas 318 mortes, segundo informações do grupo.
Vale destacar que a homofobia não se expressa apenas na ocorrência de homicídios. Os homossexuais são constantemente agredidos, tanto fisicamente, quanto através de descriminalização em locais públicos, no entanto, as vítimas não podem fazer um boletim de ocorrência por um ataque homofóbico, pois na Constituição brasileira não existe uma penalização severa, além de prestação de serviços à comunidade ou então pagamento de cestas básicas, resultando em um incentivo ao crime.
Muitas vezes a homofobia vem acompanhada pelo racismo, “quando se trata de negro e gay, os estigmas ficam um pouco pior, pode-se dizer que a exclusão é dupla”. Quando se é branco e tem uma boa renda, a homossexualidade é tratada de forma mais compreensiva.
Em virtude dos fatos mencionados pode-se concluir que, odiar alguém a ponto de matar só porque esse alguém possuiu uma orientação sexual diferente da sua, é sim uma doença a ser combatida, afinal todos tem o direito de escolher ser feliz, de poder andar de mãos dadas com a pessoa amada, sem ser tratado de forma diferente. A educação sexual deveria ser obrigatória em todos os níveis escolares; o governo necessita criar uma lei mais severa e punir exemplarmente os agressores; e conscientizar a sociedade sobre o que é respeitar, e principalmente sobre o que é amar.",a-terapia-de-reversao-da-orientacao-sexual,[0 0 0 0 0 0],"[80, 100, 40, 80, 60, 360]","response:
GenerateContentResponse(
    done=True,
    iterator=None,
    result=protos.GenerateContentResponse({
      ""candidates"": [
        {
          ""content"": {
            ""parts"": [
              {
                ""text"": ""[80, 100, 40, 80, 60, 360]\n""
              }
            ],
            ""role"": ""model""
          },
          ""finish_reason"": ""STOP"",
          ""avg_logprobs"": -0.06412500363809091
        }
      ],
      ""usage_metadata"": {
        ""prompt_token_count"": 1456,
        ""candidates_token_count"": 27,
        ""total_token_count"": 1483
      }
    }),
)"
1.html,"Na noite de domingo dia dois de setembro de 2018 por volta das 19:30 da noite, houve um incidente com o Museu nacional do Rio de Janeiro. Dentre tantos motivos relevantes, temos: destruição de fósseis antigos e assim como uma perca para o Brasil.
O Museu foi fundado em seis de junho de 1818, nesse ano completou duzentos anos da sua existência. Ninguém sabe como começou o incêndio, mas muitos acreditam que seja por conta das afiações assim como um morador local diz te visto um balão caindo no museu que poderia te causado o
devido incêndio. Foram perdidas muitas estruturas antigas e também a mais importante as fosseis de luzia.
O que aconteceu com o museu deixou vários brasileiros triste, porém foi uma perda de não só de objetos e sim de lembranças de pessoas importantes que conviveu la, ou seja, a familia real e que também foi contestado a independência.
O Michel Temer comentou que foi uma perda incalculável para o país e que foi perdido duzentos anos de pesquisas, assim como o MEC ofereceu ajuda para o que precisar para recuperar o patrimônio histórico do Brasil. ",patrimonio-historico-e-cultural-brasileiro-um-caso-de-descaso,[0 0 0 0 0 0],"[60, 80, 40, 60, 40, 280]","response:
GenerateContentResponse(
    done=True,
    iterator=None,
    result=protos.GenerateContentResponse({
      ""candidates"": [
        {
          ""content"": {
            ""parts"": [
              {
                ""text"": ""[60, 80, 40, 60, 40, 280]\n""
              }
            ],
            ""role"": ""model""
          },
          ""finish_reason"": ""STOP"",
          ""avg_logprobs"": -0.00134074272444615
        }
      ],
      ""usage_metadata"": {
        ""prompt_token_count"": 2549,
        ""candidates_token_count"": 26,
        ""total_token_count"": 2575
      }
    }),
)"
3.html,"É necessário observar o atual cenário brasileiro: população desgastada com altos impostos, com a falta de segurança e a beira de uma guerra civil. Em meio a uma crise, outros assuntos como imigração chega no meio de um rol de questões também urgentes de serem solucionadas e que exigem um posicionamento.
Em teoria, quando as políticas públicas funcionam, elas trazem certa ordem. No meio de ordem e princípios bem definidos tratar de outros assuntos fica mais fácil. Quando cada um sabe seu papel tudo fica bem mais simples. É como uma visita, se uma família não tem sua dinâmica de comportamento e respeito os recepcionados poderão se comportar da forma que lhe convierem.
Temos um exemplo para observar na França, conhecida mundialmente por seus ideais de liberdade mas que encontra-se atualmente em total descontrole de sua população, pois, devido a entrada de muitos refugiados, crises de desemprego e falta de segurança assolam seus habitantes, suas políticas não souberam apresentar seus princípios a estes. Não é só deixar entrar ou simplesmente ignorar, é vigiar. É incentivar um crescimento de acordo com as premissas internas.
É possível recepcionar imigrantes e apresentá-los a uma nova identidade exigindo respeito a esta. Esperar de governantes medidas novas que gerem resultado talvez esteja um pouco fora da realidade, porém, exigir que esses simplesmente sigam as premissas básicas já estabelecidas, como o direito ao trabalho, transporte, saúde e educação será possível recepcionar imigrantes de uma forma a beneficiar a todos ao mesmo tempo em que reafirmamos nossa identidade.
Crises humanitárias sempre irão existir, mas para que isso não ocorra de forma tão degradante e aumente tensões que já persistem há muito, é necessário firmar políticas públicas já consolidadas. Nada fica tão caótico num meio mais ordenado e planejado. Para uma boa recepção é necessário uma boa ordenação.",o-brasil-e-os-imigrantes-no-mundo-contemporaneo,[160 120 160 120  80 640],"[120, 100, 80, 100, 80, 480]","response:
GenerateContentResponse(
    done=True,
    iterator=None,
    result=protos.GenerateContentResponse({
      ""candidates"": [
        {
          ""content"": {
            ""parts"": [
              {
                ""text"": ""[120, 100, 80, 100, 80, 480]\n""
              }
            ],
            ""role"": ""model""
          },
          ""finish_reason"": ""STOP"",
          ""avg_logprobs"": -0.005583937825827763
        }
      ],
      ""usage_metadata"": {
        ""prompt_token_count"": 3860,
        ""candidates_token_count"": 29,
        ""total_token_count"": 3889
      }
    }),
)"
19.html,"Ao se falar de condenação em 2ª instância o assunto traz um grande impasse, e que coloca, sobretudo, uma questão de inconstitucionalidade. As decisões sobre essas condenações vão de encontro a uma cláusula pétrea da Carta Magna, a presunção da Inocência.
Segundo levantamento realizado pelo Ministro Lewandowski, um terço dos recursos de habeas corpus, ao Supremo Tribunal de Justiça, tem suas penas revistas, partindo desse pressuposto, entende-se que as diversas possibilidades de recursos existentes no código penal brasileiro auxiliam na correção de possíveis injustiças.
Contudo, é evidente, em muitos casos, que recursos servem para postergar a penalidade do réu. Se há evidências e provas de sua autoria, não existem razões pelas quais protelar tal decisão, visto que os recursos aos tribunais superiores não tem por objetivo o julgamento individualizado do mérito. Ainda que a condenação em 2º instância venha causar inconformidade e julguem-a inconstitucional, é possível demonstrar o modo como ela vai de encontro a outros princípios constitucionais e favorece, se não aplicada, a impunidade. A exemplo desta temos o caso do jogador Edmundo que em 95 causou a morte de três pessoas em um acidente de transito, por conduzir seu veículo em alta velocidade. Após 4 anos, do fato, ele foi condenado em 1ª e em 2ª instancia. Porém, contestou novamente da decisão e interpôs recursos diversos, tantos foram que, somente depois de transcorridos mais dez anos foram concluídos.
Assim, conclui-se que a condenação em 2ª instância traz créditos positivos a justiça brasileira e o reconhecimento de que ela é efetiva, célere e colabora com a paz social.",um-reu-deve-ou-nao-ser-preso-apos-a-condenacao-em-2-instancia,[120 120 120 120  40 520],"[160, 140, 100, 120, 100, 620]","response:
GenerateContentResponse(
    done=True,
    iterator=None,
    result=protos.GenerateContentResponse({
      ""candidates"": [
        {
          ""content"": {
            ""parts"": [
              {
                ""text"": ""[160, 140, 100, 120, 100, 620]\n""
              }
            ],
            ""role"": ""model""
          },
          ""finish_reason"": ""STOP"",
          ""avg_logprobs"": -0.015196706979505478
        }
      ],
      ""usage_metadata"": {
        ""prompt_token_count"": 5011,
        ""candidates_token_count"": 31,
        ""total_token_count"": 5042
      }
    }),
)"
8.html,"Emprego é o que estrutura os cidadãos de uma sociedade, fornecendo um meio de sobrevivência. Porém com o aumento da qualificação profissional e a chegada da tecnologia no mercado de trabalho, a curto prazo terá um efeito negativo para os indivíduos da conjuntura social. Uma vez que, não há igualdade de oportunidades para todas as pessoas, ocasionado o desemprego.
No filme ""Tempos Modernos"", de Charlie Chaplin, evidência uma perspectiva onde os operários tinham apenas uma função para desempenhar, contudo, se surgisse uma tecnologia que substituísse essa mão de obra, como consequência os trabalhadores ficariam desempregados. E com os avanços tecnológicos, o mercado de trabalho requisita uma maior capacitação profissional, logo, aqueles considerados menos qualificados ficam de fora dessa seleção, não existindo para eles uma estrutura social adequada que assegure que serão preparados para ter mais capacidade na profissão.
Karl Marx e Fredrich Engels abordaram a temática dos meios de profissão, como exemplo, o capitalismo. Foi perceptível para eles que existe uma classe que domina e outra que é dominada, desse modo, não tem igualdade de oportunidades para as pessoas. Visto que, são classificados de acordo com a riqueza que possuem, dessa maneira, existe um abismo social, pois há aqueles que tem mais suporte para alcançar mais qualificação, enquanto, os pobres desprovidos disso encontram dificuldades para entrar nessa área competitiva que é o mercado de trabalho.
Fatores como esses revelam a necessidade de melhorias sociais que se realizadas corretamente promoverá a longo prazo uma diminuição do desemprego, com qualidade e segurança. Portanto, deve haver mobilização de instituições privadas para financiar o investimento na construção de centros de qualificação profissional aos indivíduos que precisam dessa melhoria, assim, o Estado em conjunto com os componentes dele devem direcionar a geração de emprego para a sociedade, realizando concursos públicos que garantam estabilidade para o cidadão",qualificacao-e-o-futuro-do-emprego,[ 80 120  80  80  80 440],"[120, 100, 80, 100, 80, 480]","response:
GenerateContentResponse(
    done=True,
    iterator=None,
    result=protos.GenerateContentResponse({
      ""candidates"": [
        {
          ""content"": {
            ""parts"": [
              {
                ""text"": ""[120, 100, 80, 100, 80, 480]\n""
              }
            ],
            ""role"": ""model""
          },
          ""finish_reason"": ""STOP"",
          ""avg_logprobs"": -0.00482579294977517
        }
      ],
      ""usage_metadata"": {
        ""prompt_token_count"": 5605,
        ""candidates_token_count"": 29,
        ""total_token_count"": 5634
      }
    }),
)"
8.html,"Emprego é o que estrutura os cidadãos de uma sociedade, fornecendo um meio de sobrevivência. Porém com o aumento da qualificação profissional e a chegada da tecnologia no mercado de trabalho, a curto prazo terá um efeito negativo para os indivíduos da conjuntura social. Uma vez que, não há igualdade de oportunidades para todas as pessoas, ocasionado o desemprego.
No filme ""Tempos Modernos"", de Charlie Chaplin, evidência uma perspectiva onde os operários tinham apenas uma função para desempenhar, contudo, se surgisse uma tecnologia que substituísse essa mão de obra, como consequência os trabalhadores ficariam desempregados. E com os avanços tecnológicos, o mercado de trabalho requisita uma maior capacitação profissional, logo, aqueles considerados menos qualificados ficam de fora dessa seleção, não existindo para eles uma estrutura social adequada que assegure que serão preparados para ter mais capacidade na profissão.
Karl Marx e Fredrich Engels abordaram a temática dos meios de profissão, como exemplo, o capitalismo. Foi perceptível para eles que existe uma classe que domina e outra que é dominada, desse modo, não tem igualdade de oportunidades para as pessoas. Visto que, são classificados de acordo com a riqueza que possuem, dessa maneira, existe um abismo social, pois há aqueles que tem mais suporte para alcançar mais qualificação, enquanto, os pobres desprovidos disso encontram dificuldades para entrar nessa área competitiva que é o mercado de trabalho.
Fatores como esses revelam a necessidade de melhorias sociais que se realizadas corretamente promoverá a longo prazo uma diminuição do desemprego, com qualidade e segurança. Portanto, deve haver mobilização de instituições privadas para financiar o investimento na construção de centros de qualificação profissional aos indivíduos que precisam dessa melhoria, assim, o Estado em conjunto com os componentes dele devem direcionar a geração de emprego para a sociedade, realizando concursos públicos que garantam estabilidade para o cidadão",qualificacao-e-o-futuro-do-emprego,[120 200 160 120 120 720],"[120, 100, 80, 100, 80, 480]","response:
GenerateContentResponse(
    done=True,
    iterator=None,
    result=protos.GenerateContentResponse({
      ""candidates"": [
        {
          ""content"": {
            ""parts"": [
              {
                ""text"": ""[120, 100, 80, 100, 80, 480]\n""
              }
            ],
            ""role"": ""model""
          },
          ""finish_reason"": ""STOP"",
          ""avg_logprobs"": -0.00011608854000424517
        }
      ],
      ""usage_metadata"": {
        ""prompt_token_count"": 6197,
        ""candidates_token_count"": 29,
        ""total_token_count"": 6226
      }
    }),
)"
11.html,"No decorrer dos séculos XVIII e XX, o mundo passou por três revoluções industriais, e atualmente, no século XXI, a quarta revolução industrial já acontece. As inovações tecnológicas proporcionadas por esse fenômeno impactam diversos setores como, saúde e agricultura, e a tendência é o mercado de trabalho aderir às novas tecnologias que estão sendo desenvolvidas. Entretanto, se os trabalhadores não acompanharem as modernizações, as oportunidades de emprego poderão se tornar escassas.
Segundo dados do Instituto Brasileiro de Geografia e Estatística (IBGE), é importante destacar que o Brasil possuía uma taxa de desemprego de 11,2% no final de 2019, aproximadamente 12 milhões de pessoas. Contudo, existem setores com muita disponibilidade de vagas, como os de tecnologia, os quais exigem uma qualificação do candidato, sendo esse requisito, um fator desclassificatório para muitas pessoas que não possuem uma formação superior.
Com o desenvolvimento da Inteligência Artificial (IA), muitas tarefas padronizadas que eram realizadas por serem humanos foram e estão sendo substituídas pelas máquinas inteligentes. Em oposição a isso, vários empregos surgiram, como e-commerce, marketing online e e-business, porém esses serviços não conseguem abranger a demanda de indivíduos descapacitados, pois as premissas principais desses ramos são a criatividade e capacitação para o uso da tecnologia. Sendo assim, as pessoas excluídas acabam recorrendo aos subempregos ou não conseguem trabalhar.
Portanto, é primordial que o Estado faça adesão de medidas para amenizar a realidade atual. A fim de que os jovens possam ter conhecimento das transformações tecnológicas, é necessário que as escolas realizem trabalhos, palestras e projetos de vida relacionados às profissões atuais. Em adição, a presença do Ministério da Educação e Cultura (MEC) é importante, para a implantação de disciplinas obrigatórias no componente curricular das escolas, como informática ou robótica, para que a juventude possa se integrar mais facilmente no mercado tecnológico. Já para a população adulta, o Governo deve garantir a existência de cursos gratuitos para a sociedade. Com essas ações, os trabalhadores poderão acompanhar as inovações da era e conquistar uma vaga de emprego.",qualificacao-e-o-futuro-do-emprego,[200 200 200 160 160 920],"[160, 140, 120, 140, 120, 680]","response:
GenerateContentResponse(
    done=True,
    iterator=None,
    result=protos.GenerateContentResponse({
      ""candidates"": [
        {
          ""content"": {
            ""parts"": [
              {
                ""text"": ""[160, 140, 120, 140, 120, 680]\n""
              }
            ],
            ""role"": ""model""
          },
          ""finish_reason"": ""STOP"",
          ""avg_logprobs"": -0.003630590054296678
        }
      ],
      ""usage_metadata"": {
        ""prompt_token_count"": 6857,
        ""candidates_token_count"": 31,
        ""total_token_count"": 6888
      }
    }),
)"
6.html,"Múltiplos fatores são considerados na condenação de um réu e isso pode trazer à tona algumas polêmicas. Atualmente, está em voga o questionamento quanto a legalidade da pena após a decisão do juiz ter ocorrido em segunda instância.
Alguns países servem de exemplo para melhor esclarecimento entre as ideias opostas, e alguns casos específicos trazem a noção de que o cumprimento da pena é algo orgânico, por assim dizer, pode ser eliminado, diminuído ou ampliado, mediante apuração de novas provas, ou comportamento do réu após a batida do martelo.
Assim, sabendo que a punição ou absolvição, deve ocorrer em face do ato praticado, relacionando as consequências desse ato e principalmente a preservação do bem estar social, há a certeza de que o refinamento de antigos processos são positivos ao sentido da justiça. Então, a despeito da última palavra decisória ter sido declarada em qualquer instância possível, é preciso reforçar a ideia de que o objetivo da libertação de um preso deve acontecer, exclusivamente, caso seja benéfico ao Brasil.",um-reu-deve-ou-nao-ser-preso-apos-a-condenacao-em-2-instancia,[120  40  40  80  40 320],"[100, 80, 60, 80, 60, 380]","response:
GenerateContentResponse(
    done=True,
    iterator=None,
    result=protos.GenerateContentResponse({
      ""candidates"": [
        {
          ""content"": {
            ""parts"": [
              {
                ""text"": ""[100, 80, 60, 80, 60, 380]\n""
              }
            ],
            ""role"": ""model""
          },
          ""finish_reason"": ""STOP"",
          ""avg_logprobs"": -0.003130173517598046
        }
      ],
      ""usage_metadata"": {
        ""prompt_token_count"": 7869,
        ""candidates_token_count"": 27,
        ""total_token_count"": 7896
      }
    }),
)"
13.html,"Atualmente o número de processos criminais no Brasil é muito grande, com isso a prisão após a condenação do réu em 2ª instância, se torna insensata, pois as prisões brasileiras estão superlotadas, e esse fato supracitado só piora tal situação.
Em primeiro lugar devemos destacar que uma decisão nesse sentido favorece a injustiça. Além disso no direito penal brasileiro existe um grande número de recursos que devem ser respeitados. Uma vez que é direito do réu permanecer em liberdade até que se esgotem todos os recursos disponíveis.
Dessa maneira para mudar a realidade do nosso país o Governo Federal deve criar leis que proíbam a prisão em 2ª instância. Como disse Desmóstenes : ""É necessário que os princípios de uma política sejam justos e verdadeiros"", Ou seja, deve ser preso quem realmente merece ser preso!",um-reu-deve-ou-nao-ser-preso-apos-a-condenacao-em-2-instancia,[120  80  80 120  80 480],"[80, 60, 40, 60, 40, 280]","response:
GenerateContentResponse(
    done=True,
    iterator=None,
    result=protos.GenerateContentResponse({
      ""candidates"": [
        {
          ""content"": {
            ""parts"": [
              {
                ""text"": ""[80, 60, 40, 60, 40, 280]\n""
              }
            ],
            ""role"": ""model""
          },
          ""finish_reason"": ""STOP"",
          ""avg_logprobs"": -0.06791629699560311
        }
      ],
      ""usage_metadata"": {
        ""prompt_token_count"": 8826,
        ""candidates_token_count"": 26,
        ""total_token_count"": 8852
      }
    }),
)"
19.html,"Representantes do CFP (Conselho Federal de Psicologia) estão discutindo recentemente sobre a terapia da orientação sexual, algo sem fundamento. 
Fatos comprovam que o Brasil é um dos países mais violentos contra gays, lésbicas, e transexuais do mundo, mas isso não é motivo para que tenha como obrigatoriedade curar as pessoas que sejam assim. 
Ouve-se muito comentários maldosos discriminando essas pessoas. Mas já pararam para pensar que todos tem têm seu direito de ser o que quiserem ser? Pessoas com um pensamento muito fechado, que não se abrem para entender o que os outros tem têm de diferente e que também são normais apoiam com certeza a ""cura gay"".
Seria mais fácil se todos pudessem escolher o que ser sem se preocupar com o que os outros julgam. Ao invés de criar propostas de terapia de orientação sexual o CFP podia realizar métodos de igualdade que cumprissem tudo conforme os gostos e modos de cada. ",a-terapia-de-reversao-da-orientacao-sexual,[0 0 0 0 0 0],"[80, 80, 60, 80, 60, 360]","response:
GenerateContentResponse(
    done=True,
    iterator=None,
    result=protos.GenerateContentResponse({
      ""candidates"": [
        {
          ""content"": {
            ""parts"": [
              {
                ""text"": ""[80, 80, 60, 80, 60, 360]\n""
              }
            ],
            ""role"": ""model""
          },
          ""finish_reason"": ""STOP"",
          ""avg_logprobs"": -0.04240932831397423
        }
      ],
      ""usage_metadata"": {
        ""prompt_token_count"": 10027,
        ""candidates_token_count"": 26,
        ""total_token_count"": 10053
      }
    }),
)"
18.html,"O assunto de imigração ilegal é bastante delicado afinal não se pode ver apenas um lado, obviamente os governantes pensam sempre no melhor para o futuro do seu próprio país por isso muitos governantes optam por não facilitar esse processo de imigração.
Entretanto não podemos não esquecer das pessoas afinal elas não estão ali em condições precárias querendo fugir do seu país de origem apenas por não gostar, muitas daquelas pessoas estão ali tentando sobrevier algo que talvez para elas seja impossível fazer no seu próprio país, ajudar ou facilitar a entrada dessas pessoas pode ser uma boa iniciativa que consequentemente pode gerar lucro para o país e ajudar em diversos outros aspectos então dificultar a vinda dessas pessoas pode ser considerado uma falta de consideração afinal como foi dito no texto acima “o Brasil foi formado por imigrantes”, se eles ajudaram o Brasil a evoluir por que não ajudá-los agora? Essas pessoas apenas precisam de ajuda, elas apenas querem se reestabelecer, elas querem ter uma chance de poder viver de verdade uma chance de sobreviver e negar isso a elas é desumano.
Sabemos que pode ser um perigo para os nativos locais e é isso que os governantes pensam mas não podemos deixá-los esquecer de que eles podem ocasionar coisas boas porém acima de tudo que no futuro eles podem nos ocasionar, eles são seres vivos, eles são gente como a gente e se o seu próprio país o esqueceu e o fez sofrer não podemos abandoná-los também.",o-brasil-e-os-imigrantes-no-mundo-contemporaneo,[ 80 120  80 120   0 400],"[80, 100, 40, 80, 60, 360]","response:
GenerateContentResponse(
    done=True,
    iterator=None,
    result=protos.GenerateContentResponse({
      ""candidates"": [
        {
          ""content"": {
            ""parts"": [
              {
                ""text"": ""[80, 100, 40, 80, 60, 360]\n""
              }
            ],
            ""role"": ""model""
          },
          ""finish_reason"": ""STOP"",
          ""avg_logprobs"": -0.06175078727580883
        }
      ],
      ""usage_metadata"": {
        ""prompt_token_count"": 1192,
        ""candidates_token_count"": 27,
        ""total_token_count"": 1219
      }
    }),
)"
3.html,"O Brasil tem vivido momentos conturbados em relação à política. No meio de tantos escândalos e corrupções, não sabemos ao certo quem está certo ou não. Este tipo de conflito costuma ser resolvido por grandes tribunais (STJ, STF e afins), que exercem esse trabalho por nós.
Nas últimas semanas, foi decidido pelo STF (Supremo Tribunal Federal), através de uma votação, que a pena de um réu só poderá ser emitida, após o mesmo não ter mais recursos contra essa determinação e, a seguir, ser julgado pelo próprio Supremo Tribunal Federal.
De acordo com à Constituição Federal, a terceira instância não existe. Porém, o réu pode recorrer ao Supremo para revisar às medidas judiciais tomadas pela 2° instância. Neste momento, o mais cabível, seria em que o réu começasse a ""pagar"" sua pena enquanto aguarda esta revisão. Em certos pontos, os Guardiões da Constituição estão indo contra à mesma, e isso em certo ponto causa discórdia entre a população. Isso demonstra, cada vez mais o quanto o Brasil, em questões políticas, ainda engatinha lentamente para evoluir.",um-reu-deve-ou-nao-ser-preso-apos-a-condenacao-em-2-instancia,[160 120 120 120  40 560],"[120, 100, 60, 80, 40, 400]","response:
GenerateContentResponse(
    done=True,
    iterator=None,
    result=protos.GenerateContentResponse({
      ""candidates"": [
        {
          ""content"": {
            ""parts"": [
              {
                ""text"": ""[120, 100, 60, 80, 40, 400]\n""
              }
            ],
            ""role"": ""model""
          },
          ""finish_reason"": ""STOP"",
          ""avg_logprobs"": -0.01980642761502947
        }
      ],
      ""usage_metadata"": {
        ""prompt_token_count"": 2216,
        ""candidates_token_count"": 28,
        ""total_token_count"": 2244
      }
    }),
)"
16.html,"Desde o início da civilização ocidental, o sistema greco-romano compõem os alicerces destas sociedades. Com seu cerne no sistema citado, a aplicação da justiça brasileira poderá sofrer mudanças a partir da decisão do STF se um réu deve ou não ser condenado em segunda instância. Diante dessa questão, cabe analisar os dois principais motivos pelos quais a decisão deve ser a favor do encarceramento em segunda instância.
Primeiramente, a revogação da prisão em segunda instância viola o estado democrático de direito. Sabe-se que, na interpretação jurídica vigente, um réu, após ser condenado por um juiz e um desembargador, possui sua liberdade cassada. Entretanto, caso o STF decida pela liberdade do réu até que este seja julgado em terceira instância, o estado estará desconsiderando os julgamentos anteriores dos profissionais defensores da lei. Nesse sentido, a medida em que o órgão governamental de certa forma anulas as duas decisões judiciais anteriores, vigorando apenas o terceiro julgamento, este está, portanto, indo contra o princípio democrático, que baseia-se na decisão da maioria.
Em segundo plano, a retirada do aprisionamento em segunda instância promove a manutenção da impunidade no país. De acordo com Emile Durkheim, em virtude de transformações, as normas e valores sociais de uma civilização podem ser desestruturados. Sob esse viés, em uma sociedade em que indivíduos não possuem sua liberdade retirada após serem condenados em dois julgamentos, ocorre o esfacelamento da norma social de boa conduta.
Em suma, a decisão do Superior Tribunal Federal contra a condenação em segunda instância acarreta em dois grandes entraves para a sociedade brasileira, que serão responsáveis pela desestruturação da moral e da democracia.",um-reu-deve-ou-nao-ser-preso-apos-a-condenacao-em-2-instancia,[120 120  80 120  80 520],"[160, 140, 100, 120, 80, 600]","response:
GenerateContentResponse(
    done=True,
    iterator=None,
    result=protos.GenerateContentResponse({
      ""candidates"": [
        {
          ""content"": {
            ""parts"": [
              {
                ""text"": ""[160, 140, 100, 120, 80, 600]\n""
              }
            ],
            ""role"": ""model""
          },
          ""finish_reason"": ""STOP"",
          ""avg_logprobs"": -0.04310629367828369
        }
      ],
      ""usage_metadata"": {
        ""prompt_token_count"": 3371,
        ""candidates_token_count"": 30,
        ""total_token_count"": 3401
      }
    }),
)"
15.html,"No que se refere aos avanços tecnológicos no Brasil, nota-se que, atingiu diretamente à população em seu meio social, na qual, trouxe diversos benefícios e malefícios para os usuários. Em contrapartida, essa realidade impôs novos desafios para a sociedade contemporânea.
Nesse contexto, é conveniente destacar, que muitos indivíduos até mesmo crianças, estão sujeitas a manipulações, que pode ser inadequadas. Infelizmente, como há pessoas de má conduta que utiliza a internet para atraí pessoas fragilizados, é de fundamental importância o acompanhamento familiar.
Cabe ainda ressaltar, que ressaltar que tal meio se transforma em uma forma de lazer para todos os indivíduos, e com os avanços tecnológicos, irá conduzir mais ainda os telespectadores através dos seus gostos.",qualificacao-e-o-futuro-do-emprego,[0 0 0 0 0 0],"[60, 40, 20, 40, 40, 200]","response:
GenerateContentResponse(
    done=True,
    iterator=None,
    result=protos.GenerateContentResponse({
      ""candidates"": [
        {
          ""content"": {
            ""parts"": [
              {
                ""text"": ""[60, 40, 20, 40, 40, 200]\n""
              }
            ],
            ""role"": ""model""
          },
          ""finish_reason"": ""STOP"",
          ""avg_logprobs"": -0.23186874389648438
        }
      ],
      ""usage_metadata"": {
        ""prompt_token_count"": 3726,
        ""candidates_token_count"": 26,
        ""total_token_count"": 3752
      }
    }),
)"
19.html,"O escritor brasileiro, Milton Nascimento em sua música “Sonho Imigrante”, expressa o sentimento de saudade e anseio de retorno à pátria amada. Em decorrência da grave crise política, econômica e social que assusta países em todo o mundo, milhares de pessoas recorrem ao Brasil como refugio em meio ao caos que vivem.
Em primeira análise, é importante ressaltar sobre a crise que assola a Venezuela, o que fez com que muitos vissem o Brasil como uma grande porta de recomeço. Segundo dados do Governo Brasileiro, foram emitidas aproximadamente cinco mil carteiras de trabalho dos imigrantes Venezuelanos, o que faz com que trabalhadores que exercem serviços de baixa escolaridade, se sintam ameaçados com a nova concorrência. Outrossim mesmo que a sociedade civil se sinta ameaçada, o Governo Brasileiro não pode omitir ajuda aos estrangeiros, pois a Constituição brasileira prevê igualdade entre nacionais e estrangeiros. 
Alem do mais, ressalte-se que o Brasil também vive uma crise econômica, com universidades, escolas e hospitais em estado de calamidade. Com a crescente onda de imigrações as autoridades deverão aumentar o repasse de recursos aos municípios, a fim de atender as necessidades básicas dos moradores, sejam eles nacionais ou estrangeiros.
Fica clara, portanto a necessidade de ações por parte do Ministério da Justiça juntamente como Departamento de Migrações (DEMIG), como a solução dos “Campos fechados” uma proposta feita pela França e Espanha. É de extrema importância que o Ministério da Saúde intensifique campanhas de vacinação, para que doenças já erradicadas não se tornem novamente um alarde á saúde pública.",o-brasil-e-os-imigrantes-no-mundo-contemporaneo,[120 160 160 160  80 680],"[120, 100, 80, 100, 60, 460]","response:
GenerateContentResponse(
    done=True,
    iterator=None,
    result=protos.GenerateContentResponse({
      ""candidates"": [
        {
          ""content"": {
            ""parts"": [
              {
                ""text"": ""[120, 100, 80, 100, 60, 460]\n""
              }
            ],
            ""role"": ""model""
          },
          ""finish_reason"": ""STOP"",
          ""avg_logprobs"": -0.019967453233126937
        }
      ],
      ""usage_metadata"": {
        ""prompt_token_count"": 4985,
        ""candidates_token_count"": 29,
        ""total_token_count"": 5014
      }
    }),
)"
9.html,"O século XX foi marcado por crises humanitárias, guerras de grandes proporções e, consequentemente, pelo elevado número de imigrantes. Atualmente, os fatores que motivaram migrações no passado, como, por exemplo, as perseguições políticas e as crises econômicas, ainda estão presentes no mundo, o que mantém o fluxo migratório constante. É evidente que os problemas dos povos que buscam moradia em outros países aumentam cada vez mais, uma vez que existem países que negam auxílio a essas pessoas.
Em 1948, a Organização das Nações Unidas criou a Declaração Universal dos Direitos Humanos, um dos documentos mais importantes sobre os direitos fundamentais de todos, que se opunha, dentre outros, à tortura e ao desrespeito contra a dignidade da pessoa humana. Apesar da existência de tal documento, muitos países colocam-se contra esses direitos inaliáveis quando optam por não atender, de qualquer maneira, pedidos de abrigo. Seja pela perspectiva nacionalista ou pela aversão ao multiculturalismo, decisões do tipo caracterizam-se como tortura indireta, pois vulnerabilizam ainda mais alguns grupos, expondo-os, por exemplo, à doenças e atos de violência militar.
Tal como outras nações, o presidente do Brasil, Jair Bolsonaro, mostra-se contrario à decisão de aceitar imigrantes no país. Uma decisão contraditória para um país cujo a Constituição Federal prega a construção de uma sociedade solidária.
Portanto, o Governo Federal do Brasil deve continuar a auxiliar imigrantes, visando garantir seus direitos e seguir a Constituição Federal, e integrá-los ao mercado de trabalho para, em uma relação de mutualismo, colaborarem no desenvolvimento da economia.",o-brasil-e-os-imigrantes-no-mundo-contemporaneo,[200 200 200 160 160 920],"[160, 140, 120, 140, 100, 660]","response:
GenerateContentResponse(
    done=True,
    iterator=None,
    result=protos.GenerateContentResponse({
      ""candidates"": [
        {
          ""content"": {
            ""parts"": [
              {
                ""text"": ""[160, 140, 120, 140, 100, 660]\n""
              }
            ],
            ""role"": ""model""
          },
          ""finish_reason"": ""STOP"",
          ""avg_logprobs"": -0.02421315254703645
        }
      ],
      ""usage_metadata"": {
        ""prompt_token_count"": 6262,
        ""candidates_token_count"": 31,
        ""total_token_count"": 6293
      }
    }),
)"
4.html,"A população do nosso país foi formada, em grande parte, por imigrantes portugueses, africanos (foram trazidos à força em navios negreiros), italianos, japoneses entre outros. Cada um fez parte de um período histórico dessa nação, com contribuições para a estrutura econômica, política e agrícola. Na contemporaneidade o Brasil continua a receber essas pessoas que vem de guerras, crises econômicas, perseguições religiosas e políticas e tantos outros motivos.
Nos últimos anos, migraram os haitianos, bolivianos, coreanos, angolanos, sírios e recentemente em 2018, os venezuelanos, que estão fugindo da crise em sua pátria.
A Declaração dos Direitos Humanos garante o direito à vida, à liberdade, ao trabalho e a educação, sem discriminação, a todo ser humano. A posição do Brasil deve ser a mesma do século XIX e XX, quando recebeu diversos imigrantes e agora na contemporaneidade, a de continuar aceitando a migração dessas pessoas, pois estará cumprindo os direitos humanos, que são inerente a todos independente da nacionalidade, idioma, etnia ou qualquer outra condição.
Eles migram carregados de necessidades básicas e elas devem ser atendidas com prioridade, como a documentação, moradia, saúde, educação, higiene, alimentação e renda. Mesmo o nosso país sendo subdesenvolvido, não pode deixar de garantir esse direito à vida aos imigrantes. 
Em suma, há muitas ONGS e instituições religiosas que ajudam essas pessoas. O governo pode subsidiar esses lugares com o recrutamento de voluntários da área da saúde, educação (com foco no aprendizado da língua portuguesa) e orientar sobre a procura por trabalho e abrigos para os imigrantes.
É preciso, também, ter um olhar para os filhos deles, que estão em período escolar e orientar as escolas a desenvolverem projetos com os alunos sobre a xenofobia, o bullying e a discriminação; procurar trazer a cultura dessas crianças e adolescentes ao conhecimento dos discentes brasileiros, para que se desenvolva empatia e respeito à diversidade cultural.",o-brasil-e-os-imigrantes-no-mundo-contemporaneo,[120 120  80 120 160 600],"[160, 140, 120, 140, 120, 680]","response:
GenerateContentResponse(
    done=True,
    iterator=None,
    result=protos.GenerateContentResponse({
      ""candidates"": [
        {
          ""content"": {
            ""parts"": [
              {
                ""text"": ""[160, 140, 120, 140, 120, 680]\n""
              }
            ],
            ""role"": ""model""
          },
          ""finish_reason"": ""STOP"",
          ""avg_logprobs"": -0.0862015139672064
        }
      ],
      ""usage_metadata"": {
        ""prompt_token_count"": 7617,
        ""candidates_token_count"": 31,
        ""total_token_count"": 7648
      }
    }),
)"
9.html,"Ruas vazias, carência de produtos, filas nos postos de combustíveis, temor e incerteza. O roteiro de futuros distópicos foi encenado, recentemente, no Brasil, durante a paralisação dos caminhoneiros. A greve expôs o resultado de sucessivas políticas públicas que priorizaram o transporte rodoviário, tornando a população refém das estradas e do diesel. Afinal, a greve foi uma surpresa ou uma crise anunciada?
O capitalismo de compadrio, praticado não apenas no Brasil, corresponde à aliança entre o Poder Público e os interesses privados. O lobby das concessionárias automotivas atuou – e atua – fortemente em Brasília, influenciando (ou mandando) no planejamento dos governos. Em nome do “desenvolvimento”, o país escolheu o sistema rodoviário em detrimento do transporte ferroviário e hidroviário. Sob o asfalto, mesmo o esburacado, movimenta-se o Brasil.
Esse movimento tem um expoente: o caminhoneiro. Ele sente na pele (e no bolso) os impactos dos impostos abusivos, seja nos pedágios, seja nos postos de combustíveis. Como qualquer classe trabalhadora, a carga tributária onera a apertada renda mensal, fazendo com que a base da pirâmide social assista, do acostamento, a muitos enriquecerem com a exploração alheia. Sem dúvida, a greve surgiu como um grito de basta, transbordando toda a frustração acumulada de anos de descaso e incompetência.
Tal grito veio tarde, mas assustou os incautos. Assustou quem não acreditava que uma classe trabalhadora pudesse exercer seu direito à greve; assustou quem imaginava um povo omisso e resignado. Os grevistas perceberam que tem poder de parar uma nação. Ora, todos os cidadãos podem e devem parar uma nação que trafega rumo ao abismo. Resta a dúvida: qual caminho será trilhado? Quem escolherá a nova rota?
Certamente, apenas a população consciente poderá responder tais questões. Até então, a rota era guiada por quem sempre se manteve no poder, sucessivos políticos e empresários perpetuadores um Brasil asfaltado e atrasado. A greve dos caminhoneiros deve ser um alerta aos cidadãos de que o poder da mudança reside em suas mãos. Paralisemos o país antes que ele capote.",o-brasil-paralisado-o-que-voce-pensa-sobre-a-greve-dos-caminhoneiros,[ 200  200  200  200  200 1000],"[180, 160, 140, 160, 140, 780]","response:
GenerateContentResponse(
    done=True,
    iterator=None,
    result=protos.GenerateContentResponse({
      ""candidates"": [
        {
          ""content"": {
            ""parts"": [
              {
                ""text"": ""[180, 160, 140, 160, 140, 780]\n""
              }
            ],
            ""role"": ""model""
          },
          ""finish_reason"": ""STOP"",
          ""avg_logprobs"": -0.00015605515950629787
        }
      ],
      ""usage_metadata"": {
        ""prompt_token_count"": 8885,
        ""candidates_token_count"": 31,
        ""total_token_count"": 8916
      }
    }),
)"
5.html,"É de conhecimento geral que a notícia se espalha pelo Brasil inteiro, pois a manifestação está sendo falada em todo o território nacional. Com base nos conhecimentos os caminhoneiros estão reivindicando seus direitos.
Em consequência disso, vê-se a todo instante reportagens que vem a julgar a manifestação, no entanto, dizem que os caminhoneiros estao causando desordem entre a população, nota-se qeos grevistas não estão apenas manifestando para si, e sim àqueles que não tiveram coragem de sair nas ruas a declarar sua indignação. Em todos os canais há notas de esclarecimento que devido a greve, está faltando remédios em hospitais, doadores, etc. Isso é praticamente um meio de não culpar os governantes e querem pôr culpa nos caminhoneiros.
Em virtudes dos fatos mencionados, conclui-se que há uma esperança de vida melhor assim que a greve acabar.",o-brasil-paralisado-o-que-voce-pensa-sobre-a-greve-dos-caminhoneiros,[160 120  80 120   0 480],"[80, 60, 40, 60, 60, 300]","response:
GenerateContentResponse(
    done=True,
    iterator=None,
    result=protos.GenerateContentResponse({
      ""candidates"": [
        {
          ""content"": {
            ""parts"": [
              {
                ""text"": ""[80, 60, 40, 60, 60, 300]\n""
              }
            ],
            ""role"": ""model""
          },
          ""finish_reason"": ""STOP"",
          ""avg_logprobs"": -0.014144388528970571
        }
      ],
      ""usage_metadata"": {
        ""prompt_token_count"": 9834,
        ""candidates_token_count"": 26,
        ""total_token_count"": 9860
      }
    }),
)"
9.html,"Recentemente há uma discussão que está em andamento no Supremo Tribunal Federal, se o réu aguarda o julgamento em liberdade ou é preso no máximo em segunda instância. Muitas vezes é necessário rever o caso para não haver injustiça, pois cada caso é um caso, mas em determinados casos, quando as evidências são comprovadas na primeira instância, é necessário expedir a prisão do réu logo no início, por fazermos parte de um país que permite certas liberdades e facilidades, como por exemplo o caso do ex-presidente Luis Inácio Lula da Silva que está sendo acusado por vários processos.
Nesses últimos anos o que mais vemos e acompanhamos de notícias no país é que o mesmo está respondendo por vários processos (do sítio em Atibaia, tríplex no Guarujá, envolvimentos por receptação de benefícios por licitações, entre outros), mas como a justiça aqui no Brasil é lenta e está mais que comprovando o seu envolvimento direto nestes casos, faz-se necessária a prisão imediata para não haver a liberdade de pedir asilo político a outros países e assim permitir-se ficar livre.
Enquanto não tivermos uma justiça precisa, eficiente e certeira, todos sem exceção devem cumprir a mesma regra para que não haja injustiça perante os demais.",um-reu-deve-ou-nao-ser-preso-apos-a-condenacao-em-2-instancia,[120  80  80 120  40 440],"[100, 80, 60, 80, 60, 380]","response:
GenerateContentResponse(
    done=True,
    iterator=None,
    result=protos.GenerateContentResponse({
      ""candidates"": [
        {
          ""content"": {
            ""parts"": [
              {
                ""text"": ""[100, 80, 60, 80, 60, 380]\n""
              }
            ],
            ""role"": ""model""
          },
          ""finish_reason"": ""STOP"",
          ""avg_logprobs"": -0.002531909004405693
        }
      ],
      ""usage_metadata"": {
        ""prompt_token_count"": 10884,
        ""candidates_token_count"": 27,
        ""total_token_count"": 10911
      }
    }),
)"
2.html,"Nos últimos anos a mídia mostrou uma mudança no cenário mundial alarmante, milhares de pessoas pessoas, em todas as partes do mundo fugindo dos seus países para procurar uma vida um pouco melhor e mais segura em outros países.
Essa situação sempre ocorreu, sempre ouvimos falar aqui na América dos imigrantes que tentam entrar nos Estados Unidos pela fronteira com o México, mais aqui tomamos conhecimento da onda de imigração do Oriente principalmente para países da Europa, pelo desespero com que essas pessoas tentam buscar uma oportunidade se arriscando, sempre se é noticiado os mortos nessas tentativas, inclusive não se pode esquecer da foto daquela criança morta na praia que se tornou um símbolo triste dessa situação.
Esse novo panorama também tem afetado a América, o Brasil também tem sido alvo de um fluxo grande de imigrantes entrando ilegalmente, alguns países da América tem sofrido com grandes crises, guerras civis, catástrofes naturas, com isso a imigração se tornou um problema com difícil solução, temos por exemplo o caso dos haitianos que entraram no país pelo Acre de forma ilegal, deixando o Estado numa situação caótica, pois não tinha estrutura para receber esses imigrantes. Também temos o casos dos venezuelanos que estão vindo para o Brasil fugindo da crises no seu país.
O Brasil e conhecido como pacifico, não temos guerras civis, pelo menos não declaradas abertamente, somos um país hospitaleiro, mais o fato e que não temos estrutura para receber tantas pessoas, temos graves problemas internos: corrupção, violência, saúde precária, educação deficiente, falta de empregos, serviços básicos que estão em colapso e que não conseguem atender nem nossa população, quanto mais ajudar e atender as necessidades dessas pessoas.
O Brasil tem que colaborar de alguma forma para ajudar essas pessoas, diplomaticamente, ou até mesmo financeiramente, apesar da crise na nossa economia, mais não adianta bancar o generoso se não consegue resolver primeiro os problemas internos mais graves.",o-brasil-e-os-imigrantes-no-mundo-contemporaneo,[ 80 120  80  80  40 400],"[120, 100, 80, 100, 80, 480]","response:
GenerateContentResponse(
    done=True,
    iterator=None,
    result=protos.GenerateContentResponse({
      ""candidates"": [
        {
          ""content"": {
            ""parts"": [
              {
                ""text"": ""[120, 100, 80, 100, 80, 480]\n""
              }
            ],
            ""role"": ""model""
          },
          ""finish_reason"": ""STOP"",
          ""avg_logprobs"": -0.0570257778825431
        }
      ],
      ""usage_metadata"": {
        ""prompt_token_count"": 1294,
        ""candidates_token_count"": 29,
        ""total_token_count"": 1323
      }
    }),
)"
3.html,"É necessário observar o atual cenário brasileiro: população desgastada com altos impostos, com a falta de segurança e a beira de uma guerra civil. Em meio a uma crise, outros assuntos como imigração chega no meio de um rol de questões também urgentes de serem solucionadas e que exigem um posicionamento.
Em teoria, quando as políticas públicas funcionam, elas trazem certa ordem. No meio de ordem e princípios bem definidos tratar de outros assuntos fica mais fácil. Quando cada um sabe seu papel tudo fica bem mais simples. É como uma visita, se uma família não tem sua dinâmica de comportamento e respeito os recepcionados poderão se comportar da forma que lhe convierem.
Temos um exemplo para observar na França, conhecida mundialmente por seus ideais de liberdade mas que encontra-se atualmente em total descontrole de sua população, pois, devido a entrada de muitos refugiados, crises de desemprego e falta de segurança assolam seus habitantes, suas políticas não souberam apresentar seus princípios a estes. Não é só deixar entrar ou simplesmente ignorar, é vigiar. É incentivar um crescimento de acordo com as premissas internas.
É possível recepcionar imigrantes e apresentá-los a uma nova identidade exigindo respeito a esta. Esperar de governantes medidas novas que gerem resultado talvez esteja um pouco fora da realidade, porém, exigir que esses simplesmente sigam as premissas básicas já estabelecidas, como o direito ao trabalho, transporte, saúde e educação será possível recepcionar imigrantes de uma forma a beneficiar a todos ao mesmo tempo em que reafirmamos nossa identidade.
Crises humanitárias sempre irão existir, mas para que isso não ocorra de forma tão degradante e aumente tensões que já persistem há muito, é necessário firmar políticas públicas já consolidadas. Nada fica tão caótico num meio mais ordenado e planejado. Para uma boa recepção é necessário uma boa ordenação.",o-brasil-e-os-imigrantes-no-mundo-contemporaneo,[ 80  80  80 120  80 440],"[160, 120, 100, 140, 100, 620]","response:
GenerateContentResponse(
    done=True,
    iterator=None,
    result=protos.GenerateContentResponse({
      ""candidates"": [
        {
          ""content"": {
            ""parts"": [
              {
                ""text"": ""[160, 120, 100, 140, 100, 620]\n""
              }
            ],
            ""role"": ""model""
          },
          ""finish_reason"": ""STOP"",
          ""avg_logprobs"": -0.02402988749165689
        }
      ],
      ""usage_metadata"": {
        ""prompt_token_count"": 2608,
        ""candidates_token_count"": 31,
        ""total_token_count"": 2639
      }
    }),
)"
12.html,"As constantes mudanças tecnológicas que ocorrem no mundo surgem das necessidades organizacionais em maximizar a produção e reduzir recursos, a partir dessa demanda o surgimento de profissões que requerem conhecimentos básicos em tecnologia e o desaparecimento de outras é inevitável.
Cabe salientar que na última década o vocábulo (digital) ganhou novos significados, se antes era sinônimo de TI, Tecnologia da Informação, na atualidade está relacionada com várias arias, por esse motivo trabalhadores cada vez mais familiarizados com a tecnologia sobressaem dentre os outros. É a constante informatização e automatização de empresas exigem profissionais cada vez mais capacitados e com formação específica.
Por outro lado, pessoas que não foram educadas tecnologicamente, ou seja, não sabe usar um computador ou outros componentes básicos da era digital, ficarão para trás. Ascensorista era uma profissão que existia na primeira metade do século 20, operava elevadores os quais eram manuais, com o aparecimento dos primeiros elevadores automáticos em 1930 a profissão desapareceu.
O investimento em educação e capacitação é uma boa estratégia para se manter no mercado de trabalho. A educação digital e primordial para vivermos em uma sociedade que se transforma a todo momento.",qualificacao-e-o-futuro-do-emprego,[160 120 120 120 120 640],"[140, 100, 80, 120, 80, 520]","response:
GenerateContentResponse(
    done=True,
    iterator=None,
    result=protos.GenerateContentResponse({
      ""candidates"": [
        {
          ""content"": {
            ""parts"": [
              {
                ""text"": ""[140, 100, 80, 120, 80, 520]\n""
              }
            ],
            ""role"": ""model""
          },
          ""finish_reason"": ""STOP"",
          ""avg_logprobs"": -0.042789553773814236
        }
      ],
      ""usage_metadata"": {
        ""prompt_token_count"": 3065,
        ""candidates_token_count"": 29,
        ""total_token_count"": 3094
      }
    }),
)"
15.html,"É notório que, a imigração tem sido um grande obstáculo para os governos nos últimos tempos, e de hoje que existe migração entre países, mas atualmente com grandes crises, a imigração vem tomando grandes proporções que se tornam impossível suportar. O Brasil por exemplo, carrega uma crise financeira e, com um número enorme de desempregados. 
Em tempos remotos, a imigração era vista como um futuro próspero forasteiros que traziam novas experiências, oportunidade e grandes descobertas e novos empregos, como os alemães, que trouxeram a cultura de fabricar vinhos de altíssima qualidade, em tempos atuais, temos os americanos, trazendo tecnologias para à plantação de soja. A imigração era vista como uma oportunidade de crescimento, assim como acontece no estado da Bahia por exemplo, mais precisamente em Luís Eduardo Magalhães, cidade pequena, mas que tem crescida e evoluída rapidamente através da plantação de soja, isso graças aos investimentos dos imigrantes, contudo a cidade vem crescendo a renda per capita, assim melhorando a qualidade de vida daqueles que ali reside, consequentemente povoados e regiões. 
Hoje a situação é bem diferente, pois a imigração e vista como uma ameaça para o povo, já que o país passa por uma recessão gravíssima, o índice de desemprego é alarmante, há sérios problemas vários setores, tais como a saúde e outros. O governa tem tentado ajudar, fazendo pactos imigratórios, recebendo várias pessoas do país vizinho, como a Venezuela, refugiando e dando emprego a eles, mas existe uma grande preocupação, pois o Brasil já se encontra em uma situação alarmante, precisando é de ajuda, como ajudar os países vizinhos. O Brasil possui atualmente cerca de 450 mil desempregados, dessa forma, ao invés de ajudar o país vizinho, vai ser o inverso, vai é atrapalhar tanto eles como sua própria nação. 
Sendo assim, nota-se que o ideal seria arrumar a pátria, ou seja, levando ao pé da letra a constituição, com saúde, educação, saneamento básico, moradia para todos, depois fornecer ajuda aos países vizinhos, pois se não há expectativa de vida, não tem como oferecer algo ao próximo.",o-brasil-e-os-imigrantes-no-mundo-contemporaneo,[120 200 160 120 120 720],"[120, 100, 100, 120, 80, 520]","response:
GenerateContentResponse(
    done=True,
    iterator=None,
    result=protos.GenerateContentResponse({
      ""candidates"": [
        {
          ""content"": {
            ""parts"": [
              {
                ""text"": ""[120, 100, 100, 120, 80, 520]\n""
              }
            ],
            ""role"": ""model""
          },
          ""finish_reason"": ""STOP"",
          ""avg_logprobs"": -0.0782663901646932
        }
      ],
      ""usage_metadata"": {
        ""prompt_token_count"": 4460,
        ""candidates_token_count"": 30,
        ""total_token_count"": 4490
      }
    }),
)"
14.html,"A imigração de refugiado tem sido um dos maiores desafios das nações. Este transpassa a questão humanitária e vai de encontro a soberania de muitos países. Não diferente, O Brasil enfrenta, como os demais situação parecida. Nos últimos anos uma grande quantidade de refugiados têm transpassada a fronteira do país forçando o poder público medidas que garantam a integridade da soberania nacional e que esteja em consonância aos direitos humanos. 
Várias nações do mundo estão passando por percalços, seja por guerras, crises econômicas, conflitos internos, regimes ditatoriais... Fato que faz surgir refugiados que vislumbram nos países mais próximos a salva guarda para manterem a integridade. O que para estes é um alento, para o país que vão se refugiam se torna um problema. Que muitas vezes não está relacionado diretamente a um sentimento xenófobo, mas sim por uma questão social. No caso do Brasil, os refugiados da nossa nação adjacente se abrigaram em uma cidade de um estado da federação que tem grande dificuldade para cuidar até mesmo dos nativos. Causando um verdadeiro caos. O que fez aumentar ainda mais o sofrimento de quem já está em uma situação extrema.
Destarte que não basta o mero acolhimento, deve-se socorrer e fomentar uma nova expectativa de vida nestas pessoas que estão distantes do país de origem. O que tende a demandar tempo e recursos. No caso brasileiro um dispêndio a mais em um país que está em busca de reduzir despesas. Salientando que se faz necessário uma previa triagem para evitar que pessoas criminosas e mal-intencionadas venham fazer nação um local para praticas criminosa e potencialize a violência.
Desprende que o maior desafio no trato com os imigrantes está em conciliar a soberana força nacional de proteção com a aplicação de direitos humanos. É impensável deixar de ajudar o semelhante em apuros. Efetivar esse apoio sem prejudicar os demais é tarefa que requer recursos e planejamentos. O que aos poucos o país vai se consolidando. ",o-brasil-e-os-imigrantes-no-mundo-contemporaneo,[120 120  80 120 120 560],"[160, 140, 120, 140, 120, 680]","response:
GenerateContentResponse(
    done=True,
    iterator=None,
    result=protos.GenerateContentResponse({
      ""candidates"": [
        {
          ""content"": {
            ""parts"": [
              {
                ""text"": ""[160, 140, 120, 140, 120, 680]\n""
              }
            ],
            ""role"": ""model""
          },
          ""finish_reason"": ""STOP"",
          ""avg_logprobs"": -0.006755032366321933
        }
      ],
      ""usage_metadata"": {
        ""prompt_token_count"": 5814,
        ""candidates_token_count"": 31,
        ""total_token_count"": 5845
      }
    }),
)"
0.html,"Anos após anos uma vaga de emprego demandar cada vez mais qualificações do empregado, que na maioria das vezes concluíram o curso superior e são incapazes de trabalha nesse ramo e optam por um emprego informal. Esse fenômeno ocorre porque o mercado de trabalho se modifica constantemente de maneira que algumas profissões são extintas pois são ocupadas por maquinas.
No filme ""Estrelas além do Tempo"", de 2016, contar a história de três calculadoras humanas, que eram muito requisitadas por centros de pesquisa antes dos surgimentos das modernas calculadoras eletrônicas e dos computadores. No longa-metragem, vemos a personagem Dorothy Vougham que ao saber que a Nasa tinha comprado um novo computador que fazia 24mil cálculos por segundo, o que colocava seu emprego em risco, Dorothy resolveu aprender a programar esse mesmo computador e ensinar suas companheiras.
No mercado de trabalho e necessário está sempre se adaptando pois ele e instável fazendo com que algumas profissões sumam enquanto novas apareçam como gestores de mídias sociais.",qualificacao-e-o-futuro-do-emprego,[120 200 120 120  80 640],"[120, 100, 60, 80, 60, 420]","response:
GenerateContentResponse(
    done=True,
    iterator=None,
    result=protos.GenerateContentResponse({
      ""candidates"": [
        {
          ""content"": {
            ""parts"": [
              {
                ""text"": ""[120, 100, 60, 80, 60, 420]\n""
              }
            ],
            ""role"": ""model""
          },
          ""finish_reason"": ""STOP"",
          ""avg_logprobs"": -0.16804139954703196
        }
      ],
      ""usage_metadata"": {
        ""prompt_token_count"": 6237,
        ""candidates_token_count"": 28,
        ""total_token_count"": 6265
      }
    }),
)"
18.html,"É notório que a prisão após o julgamento em segunda instância traz divergências de opiniões, principalmente em relação a compatibilidade ou incompatibilidade com o ordenamento jurídico e com a Constituição. Dentre tantos fatores relevantes temos aspectos favoráveis e contrários a esse ato muitas vezes inconstitucional.
Sabe-se que a maioria dos aspectos favoráveis ao cumprimento da pena em segunda instância referem-se a palavra impunidade. Essas pessoas dizem que os mais ricos jamais seriam presos, pois possuem todos os recursos e os melhores advogados para procrastinar ao máximo suas penas. Alegam que outros criminosos seriam igualmente beneficiados ante a demora na tramitação dos processos na justiça brasileira; tudo isso contribuiria ainda mais para o aumento do crime.
Por outro lado, os que são contrários a prisão antes do trânsito em julgado fundamentam suas posições no texto da própria Constituição, no qual está escrito que ninguém considerado culpado senão após o trânsito em julgado da sentença penal condenatória que só ocorre no momento que se esgotam todos os recursos. Essas pessoas também entendem que a Legislação Penal já criou medidas para inibir o crime e proteger a sociedade de perfis altamente perigoso, como a prisão preventiva e temporária.
Por tudo isso, faz-se necessário que o poder judiciário cumpra o seu papel institucional e julgue com a maior brevidade possível. Não obstante, o Parlamento deve discutir sobre todo o sistema recursal penal brasileiro e a sua manutenção, enquanto isso, o Supremo Tribunal Federal manter deve manter o acesso aos recurso previsto em lei.",um-reu-deve-ou-nao-ser-preso-apos-a-condenacao-em-2-instancia,[120 120 120 160 160 680],"[160, 140, 120, 140, 120, 680]","response:
GenerateContentResponse(
    done=True,
    iterator=None,
    result=protos.GenerateContentResponse({
      ""candidates"": [
        {
          ""content"": {
            ""parts"": [
              {
                ""text"": ""[160, 140, 120, 140, 120, 680]\n\n""
              }
            ],
            ""role"": ""model""
          },
          ""finish_reason"": ""STOP"",
          ""avg_logprobs"": -0.08366697065291866
        }
      ],
      ""usage_metadata"": {
        ""prompt_token_count"": 7348,
        ""candidates_token_count"": 31,
        ""total_token_count"": 7379
      }
    }),
)"
18.html,"É notório que a prisão após o julgamento em segunda instância traz divergências de opiniões, principalmente em relação a compatibilidade ou incompatibilidade com o ordenamento jurídico e com a Constituição. Dentre tantos fatores relevantes temos aspectos favoráveis e contrários a esse ato muitas vezes inconstitucional.
Sabe-se que a maioria dos aspectos favoráveis ao cumprimento da pena em segunda instância referem-se a palavra impunidade. Essas pessoas dizem que os mais ricos jamais seriam presos, pois possuem todos os recursos e os melhores advogados para procrastinar ao máximo suas penas. Alegam que outros criminosos seriam igualmente beneficiados ante a demora na tramitação dos processos na justiça brasileira; tudo isso contribuiria ainda mais para o aumento do crime.
Por outro lado, os que são contrários a prisão antes do trânsito em julgado fundamentam suas posições no texto da própria Constituição, no qual está escrito que ninguém considerado culpado senão após o trânsito em julgado da sentença penal condenatória que só ocorre no momento que se esgotam todos os recursos. Essas pessoas também entendem que a Legislação Penal já criou medidas para inibir o crime e proteger a sociedade de perfis altamente perigoso, como a prisão preventiva e temporária.
Por tudo isso, faz-se necessário que o poder judiciário cumpra o seu papel institucional e julgue com a maior brevidade possível. Não obstante, o Parlamento deve discutir sobre todo o sistema recursal penal brasileiro e a sua manutenção, enquanto isso, o Supremo Tribunal Federal manter deve manter o acesso aos recurso previsto em lei.",um-reu-deve-ou-nao-ser-preso-apos-a-condenacao-em-2-instancia,[160 200 160 160  80 760],"[160, 120, 100, 120, 100, 600]","response:
GenerateContentResponse(
    done=True,
    iterator=None,
    result=protos.GenerateContentResponse({
      ""candidates"": [
        {
          ""content"": {
            ""parts"": [
              {
                ""text"": ""[160, 120, 100, 120, 100, 600]\n""
              }
            ],
            ""role"": ""model""
          },
          ""finish_reason"": ""STOP"",
          ""avg_logprobs"": -0.07275051455343923
        }
      ],
      ""usage_metadata"": {
        ""prompt_token_count"": 8462,
        ""candidates_token_count"": 31,
        ""total_token_count"": 8493
      }
    }),
)"
12.html,"Os ""Cinco do Central Park"" é um seriado que mostra cinco jovens que foram condenados por um crime que não cometeram. Nesse sentido, o debate sobre a prisão após a segunda instância é determinante para evitar decisões errôneas. Assim, depreende-se que fatores como a ineficácia estatal de investigar os crimes e o precário sistema de defesa pública contribuem para que seja garantido a prisão após esgotados todos os recursos.
A princípio, percebe-se que os índices de crimes investigados pelas polícias civis aumentaram exponencialmente, devido ao crescimento populacional e ao maior acesso aos conhecimentos de direitos individuais pela população. Entretanto, o aumento não foi acompanhado pela estrutura organizacional das delegacias que investigam os delitos, devido, assim, a pessoal insuficiente, prazos curtos e mecanização dos procedimentos investigativos. Consequentemente, torna-se o estado ineficiente para investigar devidamente os casos.
Além disso, outro fator importante é o sistema de defensoria pública que em várias regiões do Brasil chega a ser precário. Porquanto, muitas regiões interiores do país contam com poucos defensores públicos para demasiadas causas e áreas de atuação. Dessa forma, deixam de prover a defesa integral de qualidade em todas suas instâncias de forma satisfatória a todos.
Em suma, entende-se que a prisão após todos os recursos seria essencial para que pontos como a ineficácia para investigar e a defesa pública precária não sejam preponderantes para decisões errôneas. Como diz o ditado popular, a justiça tarda mas não falha.",um-reu-deve-ou-nao-ser-preso-apos-a-condenacao-em-2-instancia,[160  80 160 160 120 680],"[140, 120, 100, 120, 100, 580]","response:
GenerateContentResponse(
    done=True,
    iterator=None,
    result=protos.GenerateContentResponse({
      ""candidates"": [
        {
          ""content"": {
            ""parts"": [
              {
                ""text"": ""[140, 120, 100, 120, 100, 580]\n""
              }
            ],
            ""role"": ""model""
          },
          ""finish_reason"": ""STOP"",
          ""avg_logprobs"": -0.0021432385809959905
        }
      ],
      ""usage_metadata"": {
        ""prompt_token_count"": 9572,
        ""candidates_token_count"": 31,
        ""total_token_count"": 9603
      }
    }),
)"
9.html,"Quando falamos em cultura cultura, logo pensamos em museus ou teatros, é o que mantém nossa história viva, que fazem lembrar-se da extrema importância de seus acontecimentos pelo país, e país e, quando algo destrói esses monumentos, parte do país se decepciona, por lembrar da alegria que trazia as às pessoas saberem que nossa história estava viva de certo modo. E o motivo é o governo, por investir em outros projetos ao invés de focar na cultura do país.
A história do país deveria ser uma das coisas com a qual o governo mais deveria se importar, pelo motivo de sempre deixar as pessoas mais informadas e lembradas, porém isso não existe, eles preferem investir em estádios ao invés de manter histórias de décadas viva. Como o museu nacional Museu Nacional, com seus milhões de visitantes anualmente, e nem isso foi um motivo para o governo dar a atenção necessária, é como se tudo isso fosse uma brincadeira para eles, e acabam deixando de lado algo revolucionário.
Agora com o inicio início das reformas do museu, não só do nacional como outros destruídos também por incêndios, o governo deveria pensar em investir nos patrimônios culturais, como os próprios viram como isso abalou os brasileiros, e os mesmos pedem que eles sejam cuidados e preservados, e isso só pode acontecer com a colaboração, principalmente daqueles que estão acima de nós, começando pela parte da valorização e terminando com a ajuda que ela precisa.",patrimonio-historico-e-cultural-brasileiro-um-caso-de-descaso,[0 0 0 0 0 0],"[120, 100, 80, 100, 80, 480]","response:
GenerateContentResponse(
    done=True,
    iterator=None,
    result=protos.GenerateContentResponse({
      ""candidates"": [
        {
          ""content"": {
            ""parts"": [
              {
                ""text"": ""[120, 100, 80, 100, 80, 480]\n""
              }
            ],
            ""role"": ""model""
          },
          ""finish_reason"": ""STOP"",
          ""avg_logprobs"": -0.009510170796821857
        }
      ],
      ""usage_metadata"": {
        ""prompt_token_count"": 10719,
        ""candidates_token_count"": 29,
        ""total_token_count"": 10748
      }
    }),
)"
10.html,"No mundo atual, milhares de indivíduos estão saindo do seu país natal e deslocando-se para o Brasil. Tomam essa decisão, de deixar famílias, amigos e parentes, no intuito de trabalhar e conquistar uma vida melhor para a sua sobrevivência.
Esses seres humanos estão por toda parte no nosso país. Em ruas, praias e empresas, vendendo de tudo para se manter. Infelizmente, essas ocorrências são desagradáveis, pois precisam fugir de guerras, pobreza e crises para continuar a sua motivação de vida. Para algumas pessoas, isso pode ser algo aprazível, mas para outras não.
A migração está evoluindo cada vez mais, todos os dias em função dos aspectos humanistas. Cada pessoa é única e a sua vida deve ser construída da maneira, que resultam o sucesso e a tranquilidade Nada é fácil atualmente, mas não podemos desanimar. A luta de hoje, será o sucesso de amanhã.",o-brasil-e-os-imigrantes-no-mundo-contemporaneo,[120  40  40 120  40 360],"[40, 60, 40, 20, 40, 200]","response:
GenerateContentResponse(
    done=True,
    iterator=None,
    result=protos.GenerateContentResponse({
      ""candidates"": [
        {
          ""content"": {
            ""parts"": [
              {
                ""text"": ""[40, 60, 40, 20, 40, 200]\n""
              }
            ],
            ""role"": ""model""
          },
          ""finish_reason"": ""STOP"",
          ""avg_logprobs"": -0.11338361409994271
        }
      ],
      ""usage_metadata"": {
        ""prompt_token_count"": 1082,
        ""candidates_token_count"": 26,
        ""total_token_count"": 1108
      }
    }),
)"
2.html,"Muito se discute o crescimento desenfreado do desemprego no Brasil, decorrência do aumento da força de trabalho e a preocupante substituição do serviço humano por máquinas.
Registros apontam que o crescimento populacional afeta na criação de empregos para os recém chegados ao mercado de trabalho, fazendo com que essas pessoas procurem uma maneira mais fácil de ganhar na vida, buscando suprir suas necessidades no crime.
Ademais, a procura por emprego se torna ainda mais difícil por conta da crescente substituição do trabalho humano por máquinas e inovações tecnológicas. Futuramente as vagas só surgirão para quem tem uma alta qualificação, gerando um grande número de trabalhadores incapazes.
Tendo em vista os argumentos apresentados, fica claro que essa situação não evidência uma solução de curto prazo. Cabe às instituições de ensino investir, de fato, em uma boa formação, inserindo pessoas qualificadas ao mercado de trabalho. E por fim, cabe à sociedade dar as mesmas oportunidades para todos e cuidar para que esse erro não se repita no futuro.",qualificacao-e-o-futuro-do-emprego,[120 120 120 160 160 680],"[120, 80, 80, 60, 80, 420]","response:
GenerateContentResponse(
    done=True,
    iterator=None,
    result=protos.GenerateContentResponse({
      ""candidates"": [
        {
          ""content"": {
            ""parts"": [
              {
                ""text"": ""[120, 80, 80, 60, 80, 420]\n""
              }
            ],
            ""role"": ""model""
          },
          ""finish_reason"": ""STOP"",
          ""avg_logprobs"": -0.12967558260317202
        }
      ],
      ""usage_metadata"": {
        ""prompt_token_count"": 1487,
        ""candidates_token_count"": 27,
        ""total_token_count"": 1514
      }
    }),
)"
11.html,"A Lei Fleury ficou conhecida como a lei criada com o objetivo de proteger o delegado Sérgio Fleury de ser preso durante o regime da ditadura militar no Brasil. Atualmente, é possível dizer que o caso, de certa forma, está se repetindo, tendo em vista a recente decisão do Supremo Tribunal Federal (STF) em considerar inconstitucional a prisão de pessoas durante processos julgados até a segunda instância.
Nesse contexto, vale citar o caso do ex-presidente do país, Luiz Inácio Lula da Silva, que foi um dos beneficiados pela decisão do STF, cuja libertação provocou repercussão nacional e até internacional. Eis que, de um lado, o favorecimento dos presos, de outro a sensação de impunidade por parte do povo brasileiro.
Partindo do pressuposto de que o ato de condenação é resultado de um estudo aprofundado dos casos pautados por provas, nada mais plausível do que a prisão do condenado, independentemente da instância julgadora. Aguardar o trânsito em julgado de um processo em um país como o Brasil que dispõe de excessivos recursos, principalmente na esfera criminal, significa andar em direção contrária ao desenvolvimento nacional, assim como se configura como um desrespeito à população brasileira.",um-reu-deve-ou-nao-ser-preso-apos-a-condenacao-em-2-instancia,[120  80 160  80 120 560],"[100, 100, 100, 80, 100, 480]","response:
GenerateContentResponse(
    done=True,
    iterator=None,
    result=protos.GenerateContentResponse({
      ""candidates"": [
        {
          ""content"": {
            ""parts"": [
              {
                ""text"": ""[100, 100, 100, 80, 100, 480]\n""
              }
            ],
            ""role"": ""model""
          },
          ""finish_reason"": ""STOP"",
          ""avg_logprobs"": -0.020917977889378866
        }
      ],
      ""usage_metadata"": {
        ""prompt_token_count"": 2523,
        ""candidates_token_count"": 30,
        ""total_token_count"": 2553
      }
    }),
)"
12.html,"Os ""Cinco do Central Park"" é um seriado que mostra cinco jovens que foram condenados por um crime que não cometeram. Nesse sentido, o debate sobre a prisão após a segunda instância é determinante para evitar decisões errôneas. Assim, depreende-se que fatores como a ineficácia estatal de investigar os crimes e o precário sistema de defesa pública contribuem para que seja garantido a prisão após esgotados todos os recursos.
A princípio, percebe-se que os índices de crimes investigados pelas polícias civis aumentaram exponencialmente, devido ao crescimento populacional e ao maior acesso aos conhecimentos de direitos individuais pela população. Entretanto, o aumento não foi acompanhado pela estrutura organizacional das delegacias que investigam os delitos, devido, assim, a pessoal insuficiente, prazos curtos e mecanização dos procedimentos investigativos. Consequentemente, torna-se o estado ineficiente para investigar devidamente os casos.
Além disso, outro fator importante é o sistema de defensoria pública que em várias regiões do Brasil chega a ser precário. Porquanto, muitas regiões interiores do país contam com poucos defensores públicos para demasiadas causas e áreas de atuação. Dessa forma, deixam de prover a defesa integral de qualidade em todas suas instâncias de forma satisfatória a todos.
Em suma, entende-se que a prisão após todos os recursos seria essencial para que pontos como a ineficácia para investigar e a defesa pública precária não sejam preponderantes para decisões errôneas. Como diz o ditado popular, a justiça tarda mas não falha.",um-reu-deve-ou-nao-ser-preso-apos-a-condenacao-em-2-instancia,[120 120 120 160  80 600],"[160, 120, 140, 100, 140, 660]","response:
GenerateContentResponse(
    done=True,
    iterator=None,
    result=protos.GenerateContentResponse({
      ""candidates"": [
        {
          ""content"": {
            ""parts"": [
              {
                ""text"": ""[160, 120, 140, 100, 140, 660]\n""
              }
            ],
            ""role"": ""model""
          },
          ""finish_reason"": ""STOP"",
          ""avg_logprobs"": -0.02143866592837918
        }
      ],
      ""usage_metadata"": {
        ""prompt_token_count"": 3632,
        ""candidates_token_count"": 31,
        ""total_token_count"": 3663
      }
    }),
)"
3.html,"O Brasil tem vivido momentos conturbados em relação à política. No meio de tantos escândalos e corrupções, não sabemos ao certo quem está certo ou não. Este tipo de conflito costuma ser resolvido por grandes tribunais (STJ, STF e afins), que exercem esse trabalho por nós.
Nas últimas semanas, foi decidido pelo STF (Supremo Tribunal Federal), através de uma votação, que a pena de um réu só poderá ser emitida, após o mesmo não ter mais recursos contra essa determinação e, a seguir, ser julgado pelo próprio Supremo Tribunal Federal.
De acordo com à Constituição Federal, a terceira instância não existe. Porém, o réu pode recorrer ao Supremo para revisar às medidas judiciais tomadas pela 2° instância. Neste momento, o mais cabível, seria em que o réu começasse a ""pagar"" sua pena enquanto aguarda esta revisão. Em certos pontos, os Guardiões da Constituição estão indo contra à mesma, e isso em certo ponto causa discórdia entre a população. Isso demonstra, cada vez mais o quanto o Brasil, em questões políticas, ainda engatinha lentamente para evoluir.",um-reu-deve-ou-nao-ser-preso-apos-a-condenacao-em-2-instancia,[160 120 120 120  40 560],"[100, 80, 80, 60, 80, 400]","response:
GenerateContentResponse(
    done=True,
    iterator=None,
    result=protos.GenerateContentResponse({
      ""candidates"": [
        {
          ""content"": {
            ""parts"": [
              {
                ""text"": ""[100, 80, 80, 60, 80, 400]\n""
              }
            ],
            ""role"": ""model""
          },
          ""finish_reason"": ""STOP"",
          ""avg_logprobs"": -0.027345851615623192
        }
      ],
      ""usage_metadata"": {
        ""prompt_token_count"": 4660,
        ""candidates_token_count"": 27,
        ""total_token_count"": 4687
      }
    }),
)"
0.html,"A imigração, que sempre fez parte da história e da formação dos povos, tem se tornado um problema de difícil solução. Tanto os países desenvolvidos, como os países em desenvolvimento, como o Brasil, têm encontrado diversos obstáculos na tentativa de normalizar os fluxos migratórios, cada vez mais frequentes e preocupantes.
Muitos são os motivos que levam milhões de pessoas ao redor do mundo a deixar seu país de origem, dentre os quais se destacam as crises econômicas, sociais e políticas, a exemplo da Venezuela, cujo governo nada tem feito para mudar a situação precária em que se encontra o país, tornando o crescente êxodo de seus habitantes insustentável para os países vizinhos.
Em que pese à necessidade de acolher de forma digna e humanitária os imigrantes que buscam melhores condições de vida, o Brasil tem revelado nos últimos meses insuficiência de infraestrutura e de recursos financeiros para garantir segurança e qualidade de vida tanto para os imigrantes, como para os brasileiros que passaram a conviver com essa realidade.
O Brasil deve assegurar a entrada pacífica e digna tantos dos imigrantes venezuelanos, como de quaisquer outros imigrantes que necessitem garantir a sua própria subsistência e de sua família, como forma de respeito e proteção aos direitos humanos. A fim de efetivar esses direitos, no entanto, o país tem pela frente o desafio de distribuir corretamente esses estrangeiros no território nacional e dar a eles a assistência social necessária, a fim de evitar o aumento da desigualdade social e a xenofobia.",o-brasil-e-os-imigrantes-no-mundo-contemporaneo,[120 160 160 120 160 720],"[160, 120, 140, 100, 140, 660]","response:
GenerateContentResponse(
    done=True,
    iterator=None,
    result=protos.GenerateContentResponse({
      ""candidates"": [
        {
          ""content"": {
            ""parts"": [
              {
                ""text"": ""[160, 120, 140, 100, 140, 660]\n""
              }
            ],
            ""role"": ""model""
          },
          ""finish_reason"": ""STOP"",
          ""avg_logprobs"": -0.025062084197998047
        }
      ],
      ""usage_metadata"": {
        ""prompt_token_count"": 5891,
        ""candidates_token_count"": 31,
        ""total_token_count"": 5922
      }
    }),
)"
12.html,"Esse Bolsonaro realmente vai ser um perigo para o brasil primeiro que ele vai trazer terroristas para brasil porque com essa união com israel os terroristas não vão gostar e vão querer atacar o Brasil.
O Brasil sempre fez a política da boa vizinhança e era sempre querido pelos outros países, mas com esse radical no poder o Exercito que ele tanto idolatra e adora vai ter que proteger muito o Brasil desses inimigos terroristas porque eles não vão aceitar essa ligação entre Brasil e Israel.
Segundo que se ele continuar com essa ligação com israel os Árabes que são grandes importadores do Brasil eles não vão mais comprar nada do brasil e eles são grandes importadores do Brasil e isso vai gerar muito desemprego.
Depois essa conversa de liberar arma para o cidadão comum quem tinha que nós proteger era o Exercito e a policia mas pelo que estou vendo quem vai ter que se proteger é o próprio cidadão Brasileiro por que o exercito que ele tanto adora adora, não pode fazer isso e a policia não vai poder resolver isso sozinha, como estamos vendo no brasil 
Isso sem falar no rombo que o PT e o PMDB deixaram o brasil, quem vocês acham que Bolsonaro e Paulo guedes vão botar para pagar essa conta claro que somos nós.
Muito obrigada.",o-brasil-e-os-imigrantes-no-mundo-contemporaneo,[0 0 0 0 0 0],"[40, 40, 40, 40, 40, 200]","response:
GenerateContentResponse(
    done=True,
    iterator=None,
    result=protos.GenerateContentResponse({
      ""candidates"": [
        {
          ""content"": {
            ""parts"": [
              {
                ""text"": ""[40, 40, 40, 40, 40, 200]\n""
              }
            ],
            ""role"": ""model""
          },
          ""finish_reason"": ""STOP"",
          ""avg_logprobs"": -0.03195493496381319
        }
      ],
      ""usage_metadata"": {
        ""prompt_token_count"": 7074,
        ""candidates_token_count"": 26,
        ""total_token_count"": 7100
      }
    }),
)"
17.html,"O Brasil sempre recebeu os imigrantes de “braços abertos”, mas estamos diante um governo conservador e aliado de países desenvolvido assim como os Estados Unidos.
Com certeza isso fará com que o Brasil retroceda em relação a aceitação de pessoas de outros países.
A imigração é um direito de todo cidadão que queira uma vida segura para si e sua família.
Mas infelizmente diante o atual cenário em que o Brasil vive sejam elas no campo político, econômico e social sem dúvida isso afetará de uma maneira negativa os imigrantes também.
O Brasil precisa investir em políticas públicas para que traga benefícios aos brasileiros e aos que aqui chegaram, não deve restringir a entrada de pessoas que almejam uma vida mais segura. O Brasil já vem com grandes crises de violências, desemprego e isso ocorre devido a corrupção e não a imigração, organizem o Brasil para que nele todos possam se deleitar de forma justa e tranquila.",o-brasil-e-os-imigrantes-no-mundo-contemporaneo,[120  80  80 120 120 520],"[100, 80, 80, 60, 80, 400]","response:
GenerateContentResponse(
    done=True,
    iterator=None,
    result=protos.GenerateContentResponse({
      ""candidates"": [
        {
          ""content"": {
            ""parts"": [
              {
                ""text"": ""[100, 80, 80, 60, 80, 400]\n""
              }
            ],
            ""role"": ""model""
          },
          ""finish_reason"": ""STOP"",
          ""avg_logprobs"": -0.04781664300847937
        }
      ],
      ""usage_metadata"": {
        ""prompt_token_count"": 8184,
        ""candidates_token_count"": 27,
        ""total_token_count"": 8211
      }
    }),
)"
14.html,"De acordo com a constituição federal todos têm o direito à ampla defesa, no entanto, todos os réus responderem em liberdade até a última instância, não será benéfica à sociedade, ou seja, os infratores ficaram soltos praticando crimes, aumentando o sentimento de insegurança do cidadão.
O direito de responder em liberdade é uma garantia que vem expressa na constituição federal, em um dos artigos determina que nenhuma pessoa será considerada culpada até o trânsito em julgado de sentença penal condenatória, porém, existem casos que a lei prejudica o cidadão e beneficia ao bandido.
Além disso, a sensação é que a impunidade aumenta a cada leis e decretos sancionados, ou seja, a justiça deve beneficiar ao cidadão a não ao bandido, pois, para não ser preso, basta não cometer crimes.
Outro ponto a mencionar é a insegurança que as novas leis poderão trazer as vítimas que foram prejudicadas por tais infratores, isto é, caso eles permanecerem soltos voltarão a cometer crimes à pessoa que o denunciou, acarretando infrações mais sérias.
Diante disso, é importante ressaltar o dever de cumprir as leis impostas leis, porém, o supremo tribunal federal deve priorizar o cidadão, criando súmulas que trazem benefícios à sociedade e não ao bandido, com isso, o país se tornará um lugar justo.",um-reu-deve-ou-nao-ser-preso-apos-a-condenacao-em-2-instancia,[120  80 120  80  80 480],"[120, 100, 100, 80, 100, 500]","response:
GenerateContentResponse(
    done=True,
    iterator=None,
    result=protos.GenerateContentResponse({
      ""candidates"": [
        {
          ""content"": {
            ""parts"": [
              {
                ""text"": ""[120, 100, 100, 80, 100, 500]\n""
              }
            ],
            ""role"": ""model""
          },
          ""finish_reason"": ""STOP"",
          ""avg_logprobs"": -0.0007438088456789652
        }
      ],
      ""usage_metadata"": {
        ""prompt_token_count"": 9254,
        ""candidates_token_count"": 30,
        ""total_token_count"": 9284
      }
    }),
)"
10.html,"Comenta-se que o ex presidente Lula no ano de 2016, após a decisão do Supremo Tribunal da Justiça foi condenado a segunda instância e foi diante a sua acusação do lava jato. Ainda mais que vários réus infratores de penalidade graves devem manter na prisão.
Em primeiro lugar 726 mil presos, no Brasil tem terceira maior população carcerária do mundo, isto é a gravidade de lotações no qual muitas vezes não possuem infraestrutura adequada para receber os condenados.
Além disso o desembargador após analisar a sentença, em seguida quando manter o detido, tornando a cadeia uma escola do crime isso é dificulta o processo de ressocialização dos criminosos.
Por fim conforme o livro A politica de Aristósteles acredita que a democracia e ética do ser humano e a felicidade do ser além disso quando aflige a lei da justiça deve cumprir sobre os seu atos.
Mediante a sintaxe, o Ministério Público Federal deve implantar apoio com o governo Jair Bolsonaro apoio à prisão em segunda instância julgar se condenados devem cumprir pena na prisão ou podem aguardar em liberdade enquanto recorrem aos tribunais superiores assim sendo horas depois o julgamento.",um-reu-deve-ou-nao-ser-preso-apos-a-condenacao-em-2-instancia,[ 80 160  80 120  80 520],"[80, 60, 60, 40, 60, 300]","response:
GenerateContentResponse(
    done=True,
    iterator=None,
    result=protos.GenerateContentResponse({
      ""candidates"": [
        {
          ""content"": {
            ""parts"": [
              {
                ""text"": ""[80, 60, 60, 40, 60, 300]\n""
              }
            ],
            ""role"": ""model""
          },
          ""finish_reason"": ""STOP"",
          ""avg_logprobs"": -0.0014934631494375376
        }
      ],
      ""usage_metadata"": {
        ""prompt_token_count"": 10285,
        ""candidates_token_count"": 26,
        ""total_token_count"": 10311
      }
    }),
)"
19.html,"Ao se falar de condenação em 2ª instância o assunto traz um grande impasse, e que coloca, sobretudo, uma questão de inconstitucionalidade. As decisões sobre essas condenações vão de encontro a uma cláusula pétrea da Carta Magna, a presunção da Inocência.
Segundo levantamento realizado pelo Ministro Lewandowski, um terço dos recursos de habeas corpus, ao Supremo Tribunal de Justiça, tem suas penas revistas, partindo desse pressuposto, entende-se que as diversas possibilidades de recursos existentes no código penal brasileiro auxiliam na correção de possíveis injustiças.
Contudo, é evidente, em muitos casos, que recursos servem para postergar a penalidade do réu. Se há evidências e provas de sua autoria, não existem razões pelas quais protelar tal decisão, visto que os recursos aos tribunais superiores não tem por objetivo o julgamento individualizado do mérito. Ainda que a condenação em 2º instância venha causar inconformidade e julguem-a inconstitucional, é possível demonstrar o modo como ela vai de encontro a outros princípios constitucionais e favorece, se não aplicada, a impunidade. A exemplo desta temos o caso do jogador Edmundo que em 95 causou a morte de três pessoas em um acidente de transito, por conduzir seu veículo em alta velocidade. Após 4 anos, do fato, ele foi condenado em 1ª e em 2ª instancia. Porém, contestou novamente da decisão e interpôs recursos diversos, tantos foram que, somente depois de transcorridos mais dez anos foram concluídos.
Assim, conclui-se que a condenação em 2ª instância traz créditos positivos a justiça brasileira e o reconhecimento de que ela é efetiva, célere e colabora com a paz social.",um-reu-deve-ou-nao-ser-preso-apos-a-condenacao-em-2-instancia,[120   0 160 120  80 480],"[120, 100, 120, 80, 100, 520]","response:
GenerateContentResponse(
    done=True,
    iterator=None,
    result=protos.GenerateContentResponse({
      ""candidates"": [
        {
          ""content"": {
            ""parts"": [
              {
                ""text"": ""[120, 100, 120, 80, 100, 520]\n""
              }
            ],
            ""role"": ""model""
          },
          ""finish_reason"": ""STOP"",
          ""avg_logprobs"": -0.04030530055363973
        }
      ],
      ""usage_metadata"": {
        ""prompt_token_count"": 1121,
        ""candidates_token_count"": 30,
        ""total_token_count"": 1151
      }
    }),
)"
0.html,"Assunto que repercute de forma constante nos atuais veículos de informações da atualidade tem gerado uma problematização constante, devido as opiniões opostas. O tema que concentra as atenções populares a espera de uma decisão, estão voltados ao Poder Judiciário.
Que debatem se o réu deve ou não, ser preso após condenação em 2º instância.
Por outro lado existem aqueles que defendem a posição de quem deve avançar o processo até o esgotamento de possibilidades do réu provar sua inocência. Para que então o acusado tenha sua ampla defesa e o devido processo legal.
Todavia, o fato de se ter prolongado o processo por 2 níveis judiciários de julgamento, está mais do que provado a decisão dos juízes em indeferir o caso do acusado, além do mais acaba contribuindo pela celeridade do processo nos tribunais e não fomentar a impunibilidade que existe devido ao réu não ser considerado culpado até o transito julgado da sentença penal condenatória.
Por trás do fato há detentores da opinião de que o Brasil é um país retrógado e impunível pelas leis e o sistema jurídico atuais que beneficiam os acusados e sentenciados, ficando assim distante de países onde as leis são severas e os índices de criminalidades são baixos.
Contudo para que o Brasil possa chegar a notoriedade de um país soberano e justo, devemos nos conscientizar de que tudo começa pela aplicabilidade de normas impostas seja elas de direito oferecido e dever imposto.",um-reu-deve-ou-nao-ser-preso-apos-a-condenacao-em-2-instancia,[120 120 120 120  40 520],"[100, 80, 100, 60, 80, 420]","response:
GenerateContentResponse(
    done=True,
    iterator=None,
    result=protos.GenerateContentResponse({
      ""candidates"": [
        {
          ""content"": {
            ""parts"": [
              {
                ""text"": ""[100, 80, 100, 60, 80, 420]\n""
              }
            ],
            ""role"": ""model""
          },
          ""finish_reason"": ""STOP"",
          ""avg_logprobs"": -0.00048579851032367775
        }
      ],
      ""usage_metadata"": {
        ""prompt_token_count"": 2225,
        ""candidates_token_count"": 28,
        ""total_token_count"": 2253
      }
    }),
)"
5.html,"Um dos temas mais debatidos atualmente, a migração é um fenômeno que vem crescendo à medida que povos tentam fugir de crises humanitárias como as que assolam a Síria e a Venezuela. Se, por um lado, há aqueles que defendem o acolhimento das pessoas que tentam obter residência em outros países; existem grupos cada vez maiores de indivíduos contrários a políticas mais brandas de imigração, devido à atual fragilidade da econômica mundial.
A movimentação de povos em todo o mundo é um processo inerente à raça humana e é responsável por mudanças que contribuíram para a existência do homem no planeta Terra. Porém, o que antes era usado como meio de busca por locais com melhores condições naturais, como regiões com água potável, passou, após o início dos conflitos entre povos, a servir como fuga das mazelas geradas por conflitos. Um exemplo disso é a vinda, para o Brasil, de europeus, que fugiam das consequências da segunda guerra mundial, responsável pela destruição de grande parte do velho continente. 
Conquanto a crise migratória na Europa recebeu, nos últimos anos, um destaque nas discussões entre as autoridades mundiais, o que mais tem preocupado os brasileiros é o fluxo de venezuelanos que vem imigrando para o Brasil. Isso porque o maior país da America do Sul, historicamente um lugar que sempre recebeu bem imigrantes, uma das características que contribuíram para que o país se tornasse uma das maiores potências mundiais, não está preparado para receber muitas pessoas. Um exemplo disso é a precariedade dos serviços públicos, como na área da saúde, que já prejudica milhares de brasileiros e poderia piorar com um aumento populacional repentino, como aconteceu em Roraima, onde foi declarado estado de calamidade devido à grande concentração de estrangeiros.
Dessa forma, fica claro que o governo brasileiro deve assumir uma posição de cautela em relação à entrada de imigrantes no país, sejam vindos de países vizinhos ou de outras regiões como o norte do continente Africano. Uma vez que o Brasil enfrenta uma crise sem precedentes, que reduziu a arrecadação dos governos e, consequentemente, prejudicou os serviços públicos, permitir a entrada de imigrantes pode significar colocar essas pessoas sob o risco de enfrentarem condições desumanas de vida aqui também.",o-brasil-e-os-imigrantes-no-mundo-contemporaneo,[200 200 160 160 120 840],"[160, 140, 140, 100, 120, 660]","response:
GenerateContentResponse(
    done=True,
    iterator=None,
    result=protos.GenerateContentResponse({
      ""candidates"": [
        {
          ""content"": {
            ""parts"": [
              {
                ""text"": ""[160, 140, 140, 100, 120, 660]\n""
              }
            ],
            ""role"": ""model""
          },
          ""finish_reason"": ""STOP"",
          ""avg_logprobs"": -0.011356103804803664
        }
      ],
      ""usage_metadata"": {
        ""prompt_token_count"": 3627,
        ""candidates_token_count"": 31,
        ""total_token_count"": 3658
      }
    }),
)"
19.html,"O cenário do desemprego tem gerado desconforto e insegurança na rotina daqueles que fazem parte dessa estatística negativa, o indivíduo que se encontra nessa situação busca fazer o que pode, no intuito de se tornar qualificado, para que o mercado de trabalho o valorize. Porém, até que ponto é possível compreender os avanços que o mercado de serviço tem carregado com os tempos vindouros e continuar se qualificando de acordo com as exigências propostas?
Através dos diversos meios de comunicação não fica perceptível apenas o alto índice de desemprego, mas também a importância que os inativos tem atribuído a qualificação. Em uma das edições do Jornal Nacional da Rede Globo, foi apresentado no universo do desemprego o alto número de pessoas desqualificadas buscando completar os seus estudos do Ensino Fundamental e Médio, a conclusão do Ensino Superior e aqueles já certificados nesse último se projetando para o início de uma especialização.
Qualificar-se significa aprimorar para exercer melhor uma determinada função, esse é um papel que vem sendo muito bem desenvolvido com o avanço da tecnologia e gerando aprimoramentos em máquinas, isso faz com que o trabalho exercido por seres humanos perca informação e atualização, dessa forma a pessoa desempregada fica presa a recursos arcaicos que o mercado de trabalho tem desprezado, que aplica soluções inovadoras, mas sem informar como o indivíduo pode adquirir espaço dentro desse novo ambiente profissional.
O cidadão busca a qualificação, procura se atualizar, mas fica inseguro por não compreender este novo universo que vem sofrendo avanços cada vez mais rápido e superiores aos tempos passados. Não é necessário uma análise profunda para perceber o alto grau de importância que o avanço da tecnologia gerou no mundo, mas também é inegável que se criou um desconforto para aqueles que não compreendem esse avanço e apesar de desqualificados pelo mercado de trabalho precisam sobreviver e mais do que isso, viver dignamente. Existe um erro que é distanciar o indivíduo do avanço e da tecnologia enquanto esses deveriam se complementarem. O mercado de trabalho atualizando a sociedade com relação aos novos avanços e apontando um norte mais viável para as novas adequações, o indivíduo desempregado, pode optar por uma qualificação mais exata e não precisa ficar limitado por não entender as mudanças que o mercado sofre. ",qualificacao-e-o-futuro-do-emprego,[120 160 120 120   0 520],"[120, 100, 120, 80, 100, 520]","response:
GenerateContentResponse(
    done=True,
    iterator=None,
    result=protos.GenerateContentResponse({
      ""candidates"": [
        {
          ""content"": {
            ""parts"": [
              {
                ""text"": ""[120, 100, 120, 80, 100, 520]\n""
              }
            ],
            ""role"": ""model""
          },
          ""finish_reason"": ""STOP"",
          ""avg_logprobs"": -0.04653822183609009
        }
      ],
      ""usage_metadata"": {
        ""prompt_token_count"": 4312,
        ""candidates_token_count"": 30,
        ""total_token_count"": 4342
      }
    }),
)"
9.html,"O avanço da tecnologia e sua aplicação nas empresas em conjunto com as exigências de alta qualificação profissional no mercado de trabalho, têm resultado em um grande número de desempregados, o qual cresce a cada dia.
Segundo os especialistas, o número de desempregados tende a aumentar progressivamente, podendo surgir em até 2050 uma nova classe de pessoas, a dos ""inúteis"" ou ""não empregáveis"". Um dos motivos dessa ocorrência é o desenvolvimento acelerado de robôs de inteligência artificial, que substituem milhares de trabalhadores. Diversas tarefas que antes eram realizadas por pessoas, hoje são feitas por equipamentos tecnológicos, os quais são mais lucrativos aos proprietários por sua eficiência e precisão.
Com isso, as empresas estão exigindo um número cada vez maior de especialistas ligados à tecnologia, como desenvolvedores de softwares, cientistas e analistas de dados, capazes de controlar os novos equipamentos. O problema é que esse tipo de trabalho exige alta qualificação profissional, excluindo os trabalhadores simples, sem estudo completo e os recém-formados, sem experiência, que não conseguem oportunidades em um mercado saturado.
É necessário que o governo invista na educação, para que as pessoas aprimorem seus estudos de forma a atender às novas exigências do mercado de trabalho e que a população também fique atenta à informação e procure se especializar no que está em alta. Por outro lado, cabe às empresas promoverem programas que visam o ingresso dos recém-formados e cursos de especialização para os funcionários interessados em continuar trabalhando, a fim de ajudar a conter o desemprego.",qualificacao-e-o-futuro-do-emprego,[160 160 120 160 160 760],"[140, 120, 140, 100, 120, 620]","response:
GenerateContentResponse(
    done=True,
    iterator=None,
    result=protos.GenerateContentResponse({
      ""candidates"": [
        {
          ""content"": {
            ""parts"": [
              {
                ""text"": ""[140, 120, 140, 100, 120, 620]\n""
              }
            ],
            ""role"": ""model""
          },
          ""finish_reason"": ""STOP"",
          ""avg_logprobs"": -0.04155906938737439
        }
      ],
      ""usage_metadata"": {
        ""prompt_token_count"": 4838,
        ""candidates_token_count"": 31,
        ""total_token_count"": 4869
      }
    }),
)"
13.html,"A noção de emprego, com remuneração e direitos, foi moldada a partir da Revolução Industrial inglesa. Boa parte das mudanças, inerentes a esse período histórico, deveram-se à criação das primeiras máquinas que substituíram milhares de trabalhadores, fazendo-os ficar sem empregos ou a trabalharem de forma insalubre e mal remunerada.
Atualmente o mundo passa pela quarta Revolução Industrial, responsável por mudar as relações humanas profundamente, por meio da alta tecnologia. Porém ainda são poucos países que conseguem conciliar as mudanças causadas pela inconstante era cibernética.
Existem no Brasil, mais de 11 milhões de desempregados, que veem seus postos de emprego serem preenchidos por robôs - mais baratos e eficientes para as empresas. Esse cenário tende a piorar, e em algumas profissões poderão tornar-se obsoletas devido à escassez de demanda por meio das empresas. Em contrapartida atividades voltadas para o desenvolvimento e aperfeiçoamento de softwares, bem como as que exigem o uso da criatividade humana, serão mais requisitadas, tendo em vista que os computadores apenas aprendem soluções, não sendo capazes de criar novas.
Portanto, cabe ao MEC implementar nas escolas metodologias em que os estudantes ganham cada vez mais conhecimento acerca do funcionamento do mundo tecnológico e laboral. Aperfeiçoando o ensino, tornando-o cada vez mais moderno, instrutivo e instigante aos interessados. Então o Brasil terá profissionais capacitados, preparados desde cedo para os diversos cenários que o futuro possa vir a apresentar.",qualificacao-e-o-futuro-do-emprego,[120 120 120 120 120 600],"[140, 120, 140, 100, 100, 600]","response:
GenerateContentResponse(
    done=True,
    iterator=None,
    result=protos.GenerateContentResponse({
      ""candidates"": [
        {
          ""content"": {
            ""parts"": [
              {
                ""text"": ""[140, 120, 140, 100, 100, 600]\n""
              }
            ],
            ""role"": ""model""
          },
          ""finish_reason"": ""STOP"",
          ""avg_logprobs"": -0.013021597939152871
        }
      ],
      ""usage_metadata"": {
        ""prompt_token_count"": 5362,
        ""candidates_token_count"": 31,
        ""total_token_count"": 5393
      }
    }),
)"
2.html,"O mês de novembro iniciou-se com grande discussão, pois o Supremo Tribunal Federal (STF) está definindo se o réu deverá ficar preso ou permanecer solto até recorrer às últimas instâncias. Atualmente a legislação brasileira, em consonância com leis de países que inspiram nosso sistema criminal, possibilita as prisões de réus após condenações de segunda instância.
Esse debate é característico do STF, que sendo órgão máximo da justiça do país discorre sobre questões jurisprudenciais, ou seja, os aspectos referentes às decisões, aplicações e interpretações das leis.
A Corte Suprema pode mudar esse posicionamento, permitindo que os encarceramentos somente ocorram após o esgotamento das possibilidades recursais ao Superior Tribunal de Justiça (STJ) e ao próprio STF. A base legal para mudança, caso aconteça, é a Constituição Federal que diz ""ninguém será considerado culpado até o trânsito em julgado de sentença penal condenatória"".
Percebe-se um grande impasse, por um lado a mudança do atual posicionamento acarretará aumento de criminosos às soltas aguardando julgamento - julgamento esse que já é moroso-, uma vez que a condenação só poderá acontecer após o julgamento do STJ e STF. Por outro lado, a conservação do entendimento em vigor pode ser compreendida como violação de um direito constitucional, já que haverá possibilidade de recursos às 3ª e 4ª instâncias.
Luiza Cristina Frischeisen, do Ministério Público Federal, considera que ""se o STF decidir que a decisão ocorra somente após o trânsito em julgado (esgotados todos os recursos), o Brasil ficará extremamente isolado, em matéria penal, entre outros países democráticos. Uma decisão nesse sentido favorece a impunidade"", infelizmente a impunidade é bem conhecida no país, e aumentá-la fará com que o brasileiro desacredite ainda mais na justiça do país.",um-reu-deve-ou-nao-ser-preso-apos-a-condenacao-em-2-instancia,[200  80 120 120   0 520],"[160, 140, 160, 100, 120, 680]","response:
GenerateContentResponse(
    done=True,
    iterator=None,
    result=protos.GenerateContentResponse({
      ""candidates"": [
        {
          ""content"": {
            ""parts"": [
              {
                ""text"": ""[160, 140, 160, 100, 120, 680]\n""
              }
            ],
            ""role"": ""model""
          },
          ""finish_reason"": ""STOP"",
          ""avg_logprobs"": -0.09885686443698022
        }
      ],
      ""usage_metadata"": {
        ""prompt_token_count"": 6548,
        ""candidates_token_count"": 31,
        ""total_token_count"": 6579
      }
    }),
)"
9.html,"Quando falamos em cultura cultura, logo pensamos em museus ou teatros, é o que mantém nossa história viva, que fazem lembrar-se da extrema importância de seus acontecimentos pelo país, e país e, quando algo destrói esses monumentos, parte do país se decepciona, por lembrar da alegria que trazia as às pessoas saberem que nossa história estava viva de certo modo. E o motivo é o governo, por investir em outros projetos ao invés de focar na cultura do país.
A história do país deveria ser uma das coisas com a qual o governo mais deveria se importar, pelo motivo de sempre deixar as pessoas mais informadas e lembradas, porém isso não existe, eles preferem investir em estádios ao invés de manter histórias de décadas viva. Como o museu nacional Museu Nacional, com seus milhões de visitantes anualmente, e nem isso foi um motivo para o governo dar a atenção necessária, é como se tudo isso fosse uma brincadeira para eles, e acabam deixando de lado algo revolucionário.
Agora com o inicio início das reformas do museu, não só do nacional como outros destruídos também por incêndios, o governo deveria pensar em investir nos patrimônios culturais, como os próprios viram como isso abalou os brasileiros, e os mesmos pedem que eles sejam cuidados e preservados, e isso só pode acontecer com a colaboração, principalmente daqueles que estão acima de nós, começando pela parte da valorização e terminando com a ajuda que ela precisa.",patrimonio-historico-e-cultural-brasileiro-um-caso-de-descaso,[120 120 160 120 120 640],"[100, 80, 100, 80, 80, 440]","response:
GenerateContentResponse(
    done=True,
    iterator=None,
    result=protos.GenerateContentResponse({
      ""candidates"": [
        {
          ""content"": {
            ""parts"": [
              {
                ""text"": ""[100, 80, 100, 80, 80, 440]\n""
              }
            ],
            ""role"": ""model""
          },
          ""finish_reason"": ""STOP"",
          ""avg_logprobs"": -0.007202276693923133
        }
      ],
      ""usage_metadata"": {
        ""prompt_token_count"": 7695,
        ""candidates_token_count"": 28,
        ""total_token_count"": 7723
      }
    }),
)"
6.html,"Em ""Tempos modernos"", Chaplin nos apresenta um trabalhador fabril que em seu repetitivo trabalho quase se funde a máquina. Hoje quase um século após o filme as transformações no mundo do trabalho dispensam esse trabalhador que realiza funções de máquina. Estamos agora diante da quarta revolução industrial marcada pela presença da IA (inteligência artificial) essa agora de máquinas cumprindo papéis humanos. Esse momento novo em nossa história nos coloca frente à questão: como valorizar o humano na era da inteligência artificial?
Observar como está a saúde do mercado de trabalho é um bom ponto de partida para analisar o nosso momento social uma vez que a sociedade e o mundo do trabalho estão fortemente ligados. Neste sentido o que observarmos é uma redução cada faz maior dos postos de trabalho e no âmbito social um aumento populacional enorme tornando portanto o mercado mais competitivo onde muitos lutam por poucas vagas. Cada vez mais o mercado busca pelo trabalho especializado que exigem graduação isso já no presente momento, a tendência com a implementação da inteligência artificial é uma exigência ainda maior em um mundo que já passou a muito a casa dos 7 bilhões de habitantes.
Os países em desenvolvimento e os subdesenvolvidos que não dispõem de uma população qualificada devem ser os maiores atingidos e podem ver no longo prazo uma precarização do trabalho e um empobrecimento geral. Em países desenvolvidos como a Alemanha por exemplo a indústria automobilística já automatizou todas as suas montadoras, o trabalho humano no setor produtivo não é mais necessário restando apenas as funções gerências e administrativas que no futuro com a implantação da IA também farão a mão-de-obra humana dispensável em muitos casos.
É necessário pensar o futuro, preparar a sociedade para as mudanças. É fundamental investir pesado em educação da base a pesquisa nossos governantes devem entender que educação não é um gasto é um investimento para o futuro. Nenhuma grande potência nasceu sem investimento em educação. Uma nova distribuição da riqueza também deve ser pensada pois já observamos o crescimento do número de pessoas acima de sessenta anos além disso a o fato de que mesmo no melhor cenário econômico será impossível empregar a todos no futuro. Nesse cenário a concentração de renda pode aumentar sendo necessário mecanismos que redistribuam a riqueza. Muito ainda será pensado e dito sobre a revolução da IA a única certeza é a necessidade de valorizar sobre tudo a vida humana e que está não seja descartável como as máquinas que consideramos ultrapassadas.",qualificacao-e-o-futuro-do-emprego,[120 160 160 120 120 680],"[160, 140, 160, 120, 140, 720]","response:
GenerateContentResponse(
    done=True,
    iterator=None,
    result=protos.GenerateContentResponse({
      ""candidates"": [
        {
          ""content"": {
            ""parts"": [
              {
                ""text"": ""[160, 140, 160, 120, 140, 720]\n""
              }
            ],
            ""role"": ""model""
          },
          ""finish_reason"": ""STOP"",
          ""avg_logprobs"": -0.003636642809837095
        }
      ],
      ""usage_metadata"": {
        ""prompt_token_count"": 8400,
        ""candidates_token_count"": 31,
        ""total_token_count"": 8431
      }
    }),
)"
7.html,"É de conhecimento geral que, o Brasil vêm sofrendo uma grave crise na sua economia e os governantes decidiram aumentar os valores de praticamente tudo o que tem no país.
Por conta disso os caminhoneiros no fim de maio resolveram fazer uma paralisação bloqueando qualquer passagem de 24 estados e no Distrito Federal, pedindo pela a diminuição do valor da gasolina, também para abaixarem o custo do pedágio entre um lugar e outro, e diferentes tipos de pedidos.
O governo, nos primeiros dias, tentou rebater e disseram que iriam prender e multar os protestantes, porém não funcionou, eles não desbloquearam nenhuma das rodovias. Com isso causou a falta de diesel, de alimentos, queda nas indústrias e aumento da inflação.
Em consequência, o presidente Michel Temer resolveu fazer um acordo para que esse bloqueio tivesse fim, então marcou uma reunião com alguns representantes dessa greve e assinou um contrato onde dizia que iam diminuir os preços do diesel, assim como das outras coisas que foram pedidas, tendo em vista a isso, eles saíram das passagens e permitiram a entrada dos transportes nas ruas.",o-brasil-paralisado-o-que-voce-pensa-sobre-a-greve-dos-caminhoneiros,[120  40  40 120   0 320],"[120, 100, 100, 80, 80, 480]","response:
GenerateContentResponse(
    done=True,
    iterator=None,
    result=protos.GenerateContentResponse({
      ""candidates"": [
        {
          ""content"": {
            ""parts"": [
              {
                ""text"": ""[120, 100, 100, 80, 80, 480]\n\n""
              }
            ],
            ""role"": ""model""
          },
          ""finish_reason"": ""STOP"",
          ""avg_logprobs"": -0.10918170830299115
        }
      ],
      ""usage_metadata"": {
        ""prompt_token_count"": 9404,
        ""candidates_token_count"": 29,
        ""total_token_count"": 9433
      }
    }),
)"
3.html,"O mercado de trabalho está sofrendo mudanças, e apesar de investimento em educação, não estão sendo elaboradas estratégias pra para adaptar profissionais nesse novo cenário. Os jovens quase não tem noções sobre o novo mercado de trabalho voltado para setores tecnológicos deixando muitos a margem de uma boa qualidade de vida.
Tal fato causa também decadência no índice de desenvolvimento dos países, como o Brasil que é tecnologicamente atrasado. Devido à extinção de profissões na troca da mão de obra humana pela máquina, é preciso buscar capacitação nos empregos que estão surgindo.
No Brasil são ensinadas nas escolas apenas as disciplinas essenciais de forma arcaica, sem esclarecimento sobre o perfil profissional atravésde professores pouco competentes. Isso acontece principalmente nas regiões mais carentes, o que leva os indivíduos entre outros fatores, não obterem boa formação escolar, recorrerem a sub empregos e não buscar qualificação.
É necessário que os países, principalmente os menos desenvolvidos elaborem projetos de reestruturação em seus sistemas de educação, desenvolvendo ideias mutuamente entre seus aliados e associações de nações como o BRICS, investindo em pesquisa e intercâmbio de conhecimento para capacitar os jovens nas vagas mais demandadas, diminuindo o número de desempregados efetivamente.",qualificacao-e-o-futuro-do-emprego,[160 120 120 120 200 720],"[80, 100, 60, 80, 60, 380]","response:
GenerateContentResponse(
    done=True,
    iterator=None,
    result=protos.GenerateContentResponse({
      ""candidates"": [
        {
          ""content"": {
            ""parts"": [
              {
                ""text"": ""[80, 100, 60, 80, 60, 380]\n""
              }
            ],
            ""role"": ""model""
          },
          ""finish_reason"": ""STOP"",
          ""avg_logprobs"": -0.019817407484407776
        }
      ],
      ""usage_metadata"": {
        ""prompt_token_count"": 426,
        ""candidates_token_count"": 27,
        ""total_token_count"": 453
      }
    }),
)"
7.html,"O Ministério da Cultura não está nem um pouco preocupado com a preservação do patrimônio público, o incêndio do Museu Histórico Nacional é a grande confirmação deste fato.
Entre as 350 mil peças do vasto acervo, restou muito pouco do conhecimento científico existente, vai que entre os manuscritos tivesse uma árvore genealógica explicando o desenvolvimento psicomotor da criança, e que ali alguns professores de escolas públicas que estivessem preocupados com as questões sociais do país, levassem seus alunos e fizessem estes compreenderem a situação educacional do Brasil?
Juntos, eles podem compreender que Componentes curriculares como a Educação física e a Artes e Educação são essenciais para a formação das crianças na Educação Infantil (0 a 5 anos e 11 meses), permitindo que os discentes tenham acesso à alfabetização.
Descobrir que estes componentes curriculares trabalham as habilidades motoras básicas manipulativas (apanhar, lançar...) e locomotoras (correr, saltar...) que são fundamentais para a estruturação do corpo, pois a criança precisa ter a lateralidade (noção de lado direito e esquerdo, haja vista que, tanto a leitura, como a escrita, quanto o cálculo são realizados da esquerda para direita) estruturada, saber fazer a reversibilidade, ou seja, se colocar no ponto de vista do outro, no caso o caderno, para assim fazer a escrita, a leitura e o cálculo.
Contudo isso, os professores e alunos da rede pública devem, de forma organizada, pedir a inclusão destes componentes curriculares na teoria e na prática, permitindo a emancipação de uma classe social que atualmente está sendo vítima de uma ordem social vigente, deixando estes como seres puramente biológicos e não sociais e culturais.",patrimonio-historico-e-cultural-brasileiro-um-caso-de-descaso,[120  40  80 120  80 440],"[120, 80, 40, 60, 60, 360]","response:
GenerateContentResponse(
    done=True,
    iterator=None,
    result=protos.GenerateContentResponse({
      ""candidates"": [
        {
          ""content"": {
            ""parts"": [
              {
                ""text"": ""[120, 80, 40, 60, 60, 360]\n""
              }
            ],
            ""role"": ""model""
          },
          ""finish_reason"": ""STOP"",
          ""avg_logprobs"": -0.046230938699510365
        }
      ],
      ""usage_metadata"": {
        ""prompt_token_count"": 1630,
        ""candidates_token_count"": 27,
        ""total_token_count"": 1657
      }
    }),
)"
5.html,"O Supremo Tribunal Federal discute nesse mês sobre a prisão em 2º instância, questionando se o réu deve ou não ficar preso após a decisão do juiz, validada pelo colegiado de desembargadores do Tribunal de Justiça. É fato, que o réu deve ser mantido preso após condenação em 2º instância, visto que o aguardo em liberdade após o trânsito em julgado reforça a impunidade da justiça brasileira, bem como desvalida a decisão tomada pelo juiz e pelo colegiado de desembargadores do TJ, acumulando processos no STF.
Em primeira análise, cabe ressaltar que se o réu aguarda o julgamento em liberdade, após encerrado todos os recursos, há reforço da impunidade no Brasil. Para Luiza Frischeisen, do Ministério Público Federal tal decisão incentiva à impunidade, visto que há diversos meios para recorrer de acordo com a lei penal. Dessa forma, entende-se a importância de prender os réus em segunda instância, a fim de não estimular a prática de crimes, bem como sua impunidade.
Além disso, cabe frisar também que o aguardo a liberdade em trânsito em julgado, desvalida a decisão tomada pelo juiz e pelo colegiado de desembargadores do TJ, acumulando processos no STF. De acordo com a Folha de S. Paulo, os acordos internacionais sobre os direitos fundamentais apontam que as decisões da 1ª e 2ª instância bastam para garantir o direito do réu em recorrer. Assim, verifica-se que a liberdade em trânsito julgado incha a maquina pública, causando maior lentidão nos processos, podendo esses serem prescritos. 
Levando-se os aspectos apresentados acima, é importante ressaltar que o réu deve ser mantido preso em 2ª instância, uma vez que o aguardo em liberdade após o trânsito em julgado reforça a impunidade da justiça brasileira, bem como desvalida a decisão tomada pelo juiz e pelo colegiado de desembargadores do TJ. Portanto, é necessário que o Ministério Público em parceria com os tribunais de justiça reflitam e pensem a respeito das consequências da soltura dos criminosos em 2º instância no nosso país. ",um-reu-deve-ou-nao-ser-preso-apos-a-condenacao-em-2-instancia,[120  80  80 120  80 480],"[160, 140, 100, 120, 100, 620]","response:
GenerateContentResponse(
    done=True,
    iterator=None,
    result=protos.GenerateContentResponse({
      ""candidates"": [
        {
          ""content"": {
            ""parts"": [
              {
                ""text"": ""[160, 140, 100, 120, 100, 620]\n""
              }
            ],
            ""role"": ""model""
          },
          ""finish_reason"": ""STOP"",
          ""avg_logprobs"": -0.03326716346125449
        }
      ],
      ""usage_metadata"": {
        ""prompt_token_count"": 2872,
        ""candidates_token_count"": 31,
        ""total_token_count"": 2903
      }
    }),
)"
7.html,"A jurisdição brasileira é representada por diversas instâncias, ou seja, a utilização de recursos faz com que o processo atinja até a 4° grau, representado pelo Supremo Tribunal Federal. Ocorre que, o mesmo está julgando o mérito de três Ações Diretas de Constitucionalidade, afim de declarar constitucional o Artigo 283 do Código de Processo Penal. O resultado do julgamento será pela permissão, ou não, da prisão em segunda instância.
A Constituição Federal de 1988 representa o texto de maior hierarquia presente no ordenamento pátrio e, por isso possui certa ""rigidez"", sofrendo uma série de limitações que impedem a sua modificação, como por exemplo a impossibilidade de suprimir Direitos e Garantias Fundamentais de seu texto. Em seu Artigo 5º, a Constituição traz um rol de garantias e dentre elas está a presunção de inocência, ou seja, a garantia de que ninguém será considerado culpado, sem sentença penal condenatória transitada em julgado. Em complementação, o Código de Processo Penal, com intuito de viabilizar o direito constitucionalmente previsto, expressou em seu Artigo 283 que, a prisão deve ser realizada em decorrência de sentença condenatória transitada em julgado, salvo as exceções da prisão temporária e preventiva.
O respeito às garantias constitucionalmente previstas constitui princípio básico de um Estado Democrático de Direito e tem como consequência a segurança jurídica. A implementação de Pena Privativa de Liberdade em indivíduos que ainda não foram considerados culpados, uma vez que a culpa só ocorre no transito em julgado, representa grave risco à a toda definição de Estado que foi construída. Sabe-se, ainda, que a Constituição Federal foi criada no contexto histórico do pós ditadura, e portanto estabelece inúmeras proteções ao indivíduo, estabelecendo expressamente que só há condenação com o trânsito em julgado, ou seja, após a decisão definitiva.
A possibilidade de prisão em segunda instância, resulta no adiantamento da culpa, de forma à responsabilizar criminalmente um indivíduo que, no ponto de vista legal, ainda é inocente. O STF como guardião da Constituição ao decidir pela inconstitucionalidade da norma constante no Artigo 283 do supramencionado Código, dará margem para uma interpretação normativa na qual excluirá completamente o contexto histórico no qual a Constituição foi criada.",um-reu-deve-ou-nao-ser-preso-apos-a-condenacao-em-2-instancia,[160 160 120 120   0 560],"[180, 160, 140, 140, 140, 760]","response:
GenerateContentResponse(
    done=True,
    iterator=None,
    result=protos.GenerateContentResponse({
      ""candidates"": [
        {
          ""content"": {
            ""parts"": [
              {
                ""text"": ""[180, 160, 140, 140, 140, 760]\n""
              }
            ],
            ""role"": ""model""
          },
          ""finish_reason"": ""STOP"",
          ""avg_logprobs"": -0.00015598717295835094
        }
      ],
      ""usage_metadata"": {
        ""prompt_token_count"": 4173,
        ""candidates_token_count"": 31,
        ""total_token_count"": 4204
      }
    }),
)"
12.html,"As constantes mudanças tecnológicas que ocorrem no mundo surgem das necessidades organizacionais em maximizar a produção e reduzir recursos, a partir dessa demanda o surgimento de profissões que requerem conhecimentos básicos em tecnologia e o desaparecimento de outras é inevitável.
Cabe salientar que na última década o vocábulo (digital) ganhou novos significados, se antes era sinônimo de TI, Tecnologia da Informação, na atualidade está relacionada com várias arias, por esse motivo trabalhadores cada vez mais familiarizados com a tecnologia sobressaem dentre os outros. É a constante informatização e automatização de empresas exigem profissionais cada vez mais capacitados e com formação específica.
Por outro lado, pessoas que não foram educadas tecnologicamente, ou seja, não sabe usar um computador ou outros componentes básicos da era digital, ficarão para trás. Ascensorista era uma profissão que existia na primeira metade do século 20, operava elevadores os quais eram manuais, com o aparecimento dos primeiros elevadores automáticos em 1930 a profissão desapareceu.
O investimento em educação e capacitação é uma boa estratégia para se manter no mercado de trabalho. A educação digital e primordial para vivermos em uma sociedade que se transforma a todo momento.",qualificacao-e-o-futuro-do-emprego,[120 120 160 120  40 560],"[120, 100, 80, 100, 80, 480]","response:
GenerateContentResponse(
    done=True,
    iterator=None,
    result=protos.GenerateContentResponse({
      ""candidates"": [
        {
          ""content"": {
            ""parts"": [
              {
                ""text"": ""[120, 100, 80, 100, 80, 480]\n""
              }
            ],
            ""role"": ""model""
          },
          ""finish_reason"": ""STOP"",
          ""avg_logprobs"": -0.03915373210249276
        }
      ],
      ""usage_metadata"": {
        ""prompt_token_count"": 4630,
        ""candidates_token_count"": 29,
        ""total_token_count"": 4659
      }
    }),
)"
11.html,"O iluminismo, movimento intelectual que surgiu no século XVIII, fez o ser humano ter uma visão diferenciada de si mesmo, reconhecendo suas habilidades e fraquezas. Este autoconhecimento se fortificou com o passar dos anos, tornando a sociedade mais autoconfiante.
Por conseguinte, nos tempos atuais surge uma nova concepção por parte dos adultos e idosos, quanto aos adolescentes e jovens atuais que são considerados arrogantes e confiantes demais. Diversos motivos são apresentados para a geração mais nova ter obtido tanta confiança em si, como por exemplo o mimo dos pais e as diversas oportunidades que os jovens e adolescentes possuem para ampliar o conhecimento, diferente do que era disponível à geração anterior. Essa forma de se ver melhor do que os outros acaba por gerar problemas aos mais novos, como por exemplo sentir que seus talentos não estão sendo devidamente reconhecidos.
Estudos recentes comprovam que os adolescentes e jovens atuais realmente se sentem melhores do que as pessoas mais velhas, entretanto percebe-se que há um conflito de gerações. É célebre que a tecnologia mais avançada e a maior disponibilidade de universidades e escolas fizeram a geração mais nova obter conhecimentos mais rapidamente. 
Se compararmos em termos intelectuais a população mundial atual, com a de pessoas da idade média, veremos que há uma grande diferença de conhecimento.
É notável a arrogância da geração mais nova, porém é perceptível o descontentamento das pessoas mais velhas em aceitar que os jovens e adolescentes estão aprendendo mais rapidamente.",voce-faz-parte-da-turma-do-eu-me-acho,[0 0 0 0 0 0],"[140, 120, 80, 100, 80, 520]","response:
GenerateContentResponse(
    done=True,
    iterator=None,
    result=protos.GenerateContentResponse({
      ""candidates"": [
        {
          ""content"": {
            ""parts"": [
              {
                ""text"": ""[140, 120, 80, 100, 80, 520]\n""
              }
            ],
            ""role"": ""model""
          },
          ""finish_reason"": ""STOP"",
          ""avg_logprobs"": -0.1450582372731176
        }
      ],
      ""usage_metadata"": {
        ""prompt_token_count"": 5885,
        ""candidates_token_count"": 29,
        ""total_token_count"": 5914
      }
    }),
)"
18.html,"Promulgada pela ONU em 1948, a Declaração Universal dos Direitos Humanos garante a todos os indivíduos o direito ao trabalho e ao bem-estar social. Conquanto, a o nível de qualificação profissional exigido atualmente impossibilita que essa essa parcela da população desfrute desse direito universal na prática. Nesse sentido, convém analisarmos as principais consequências de tal postura negligente para nossa sociedade.
A educação é o fator principal no desenvolvimento de um país. No entanto, apesar de ocupar a nona posição na economia mundial, o Brasil possui um sistema de ensino público ineficiente, e o resultado desse contraste é claramente refletido na falta de qualificação profissional do povo brasileiro. De acordo com o IBGE (Instituto Brasileiro de Geografia e Estatística), 41,3% dos trabalhadores brasileiros são informais. Diante do exposto, fica evidente a exclusão social vivenciada pelos profissionais com baixa qualificação, visto que a seleção de perfis será mais criteriosa e baseada no conhecimento técnico, aumentando assim a concorrência no mercado de trabalho.
Faz-se mister, ainda salientar a necessidade de promover melhorias no sistema de educação inclusiva do país. Nesse âmbito, as transformações no mercado de trabalho vem ocorrendo com mais velocidade graças ao rápido desenvolvimento tecnológico e científico. Logo, o profissional do futuro terá que aperfeiçoar seus conhecimentos, assim como saber manejar as novas tecnologias.
Portanto, indubitavelmente, medidas são necessárias para resolver esse problema. O MEC deve investir em cursos profissionalizantes para pessoas desempregadas com o objetivo de auxiliar na inserção dessas no mercado de trabalho. Já o Ministério do Trabalho em parceria com as empresas deve fazer atualizações nós cursos já existentes de seus trabalhadores com o intuito de manter-los modernizados e presentes na utilização de novas tecnologias. Pois só assim como dizia Nelson Mandela: ""a educação é a maior arma que se pode usar para mudar o mundo"".",qualificacao-e-o-futuro-do-emprego,[160 200 200 160 160 880],"[160, 140, 120, 140, 120, 680]","response:
GenerateContentResponse(
    done=True,
    iterator=None,
    result=protos.GenerateContentResponse({
      ""candidates"": [
        {
          ""content"": {
            ""parts"": [
              {
                ""text"": ""[160, 140, 120, 140, 120, 680]\n""
              }
            ],
            ""role"": ""model""
          },
          ""finish_reason"": ""STOP"",
          ""avg_logprobs"": -0.07729148864746094
        }
      ],
      ""usage_metadata"": {
        ""prompt_token_count"": 6480,
        ""candidates_token_count"": 31,
        ""total_token_count"": 6511
      }
    }),
)"
5.html,"Desde a quarta Revolução Industrial, o mundo vem se curvando para uma perspectiva distópica em que as máquinas substituirão o trabalho dos homens e mulheres. Entretanto, o que acontece na contemporaneidade, é a atenção para as necessidades humanas no trabalho. 
Um dos marcos do meio trabalhista no século XXI, é o surgimento dos coachings. Inicialmente, uma área da psicologia que visa o treinamento do controle emocional do ser humano que atua como profissional. A presença desses psicólogos em empresas se tornou mais frequente, pois, é imprescindível que para que se atinja um nível qualificado de um serviço ou produto, é preciso enxergar o trabalhador como gente, contrariando o mesmo como sendo uma máquina de força bruta.
Além disso, convém lembrar que ao longo dos processos de Revolução do Trabalho, considera-se o mais eficiente, o Toyotismo, cujo a principal característica foi moldar a produção à demanda. Considerando isso como um modelo, o futuro do trabalho precisa modificar suas ocupações e legislações, para os diferentes perfis de profissionais dentro e fora do mercado. 
Pensando nisso, o governo, deve por meio do Ministério do Trabalho, criar políticas que atendam às urgências dos trabalhadores, que serão identificadas pelos psicólogos presentes, e posta em prática pelas autoridades responsáveis do meio. Deve também, finalizando, criar incentivos de pesquisa para que se tenha um futuro promissor e harmonioso em todos os ambientes de trabalho.",qualificacao-e-o-futuro-do-emprego,[120 120 120 160 120 640],"[140, 120, 100, 100, 100, 560]","response:
GenerateContentResponse(
    done=True,
    iterator=None,
    result=protos.GenerateContentResponse({
      ""candidates"": [
        {
          ""content"": {
            ""parts"": [
              {
                ""text"": ""[140, 120, 100, 100, 100, 560]\n""
              }
            ],
            ""role"": ""model""
          },
          ""finish_reason"": ""STOP"",
          ""avg_logprobs"": -0.010153828128691643
        }
      ],
      ""usage_metadata"": {
        ""prompt_token_count"": 6984,
        ""candidates_token_count"": 31,
        ""total_token_count"": 7015
      }
    }),
)"
0.html,"A imigração, que sempre fez parte da história e da formação dos povos, tem se tornado um problema de difícil solução. Tanto os países desenvolvidos, como os países em desenvolvimento, como o Brasil, têm encontrado diversos obstáculos na tentativa de normalizar os fluxos migratórios, cada vez mais frequentes e preocupantes.
Muitos são os motivos que levam milhões de pessoas ao redor do mundo a deixar seu país de origem, dentre os quais se destacam as crises econômicas, sociais e políticas, a exemplo da Venezuela, cujo governo nada tem feito para mudar a situação precária em que se encontra o país, tornando o crescente êxodo de seus habitantes insustentável para os países vizinhos.
Em que pese à necessidade de acolher de forma digna e humanitária os imigrantes que buscam melhores condições de vida, o Brasil tem revelado nos últimos meses insuficiência de infraestrutura e de recursos financeiros para garantir segurança e qualidade de vida tanto para os imigrantes, como para os brasileiros que passaram a conviver com essa realidade.
O Brasil deve assegurar a entrada pacífica e digna tantos dos imigrantes venezuelanos, como de quaisquer outros imigrantes que necessitem garantir a sua própria subsistência e de sua família, como forma de respeito e proteção aos direitos humanos. A fim de efetivar esses direitos, no entanto, o país tem pela frente o desafio de distribuir corretamente esses estrangeiros no território nacional e dar a eles a assistência social necessária, a fim de evitar o aumento da desigualdade social e a xenofobia.",o-brasil-e-os-imigrantes-no-mundo-contemporaneo,[200 120 160 120 160 760],"[160, 140, 120, 120, 120, 660]","response:
GenerateContentResponse(
    done=True,
    iterator=None,
    result=protos.GenerateContentResponse({
      ""candidates"": [
        {
          ""content"": {
            ""parts"": [
              {
                ""text"": ""[160, 140, 120, 120, 120, 660]\n""
              }
            ],
            ""role"": ""model""
          },
          ""finish_reason"": ""STOP"",
          ""avg_logprobs"": -0.0016581376473749838
        }
      ],
      ""usage_metadata"": {
        ""prompt_token_count"": 8219,
        ""candidates_token_count"": 31,
        ""total_token_count"": 8250
      }
    }),
)"
8.html,"Hoje dependemos igualmente da qualidade de ensino e do esforço individual do aluno, pois o sucesso só é conquistado deste modo.Nos dias de hoje com inúmeros casos de alunos de baixa renda, ou alunos sem apoio familiar conseguirem o tão sonhado emprego, fica claramente explícito que com determinação e esforço o sucesso é possível.Entretanto, para o sucesso ser mais facilmente alcançado a escola tem um importante papel, a escola tem como prioridade aperfeiçoar a capacidade do aluno.Logo, com boa qualidade de ensino e grande desempenho do aluno o sucesso é facilmente alcançado.",o-sucesso-vem-da-escola-ou-do-esforco-individual,[0 0 0 0 0 0],"[100, 80, 60, 80, 60, 380]","response:
GenerateContentResponse(
    done=True,
    iterator=None,
    result=protos.GenerateContentResponse({
      ""candidates"": [
        {
          ""content"": {
            ""parts"": [
              {
                ""text"": ""[100, 80, 60, 80, 60, 380]\n""
              }
            ],
            ""role"": ""model""
          },
          ""finish_reason"": ""STOP"",
          ""avg_logprobs"": -0.002530352936850654
        }
      ],
      ""usage_metadata"": {
        ""prompt_token_count"": 9487,
        ""candidates_token_count"": 27,
        ""total_token_count"": 9514
      }
    }),
)"
12.html,"Os ""Cinco do Central Park"" é um seriado que mostra cinco jovens que foram condenados por um crime que não cometeram. Nesse sentido, o debate sobre a prisão após a segunda instância é determinante para evitar decisões errôneas. Assim, depreende-se que fatores como a ineficácia estatal de investigar os crimes e o precário sistema de defesa pública contribuem para que seja garantido a prisão após esgotados todos os recursos.
A princípio, percebe-se que os índices de crimes investigados pelas polícias civis aumentaram exponencialmente, devido ao crescimento populacional e ao maior acesso aos conhecimentos de direitos individuais pela população. Entretanto, o aumento não foi acompanhado pela estrutura organizacional das delegacias que investigam os delitos, devido, assim, a pessoal insuficiente, prazos curtos e mecanização dos procedimentos investigativos. Consequentemente, torna-se o estado ineficiente para investigar devidamente os casos.
Além disso, outro fator importante é o sistema de defensoria pública que em várias regiões do Brasil chega a ser precário. Porquanto, muitas regiões interiores do país contam com poucos defensores públicos para demasiadas causas e áreas de atuação. Dessa forma, deixam de prover a defesa integral de qualidade em todas suas instâncias de forma satisfatória a todos.
Em suma, entende-se que a prisão após todos os recursos seria essencial para que pontos como a ineficácia para investigar e a defesa pública precária não sejam preponderantes para decisões errôneas. Como diz o ditado popular, a justiça tarda mas não falha.",um-reu-deve-ou-nao-ser-preso-apos-a-condenacao-em-2-instancia,[160 160 120 160  80 680],"[80, 100, 60, 80, 60, 380]","response:
GenerateContentResponse(
    done=True,
    iterator=None,
    result=protos.GenerateContentResponse({
      ""candidates"": [
        {
          ""content"": {
            ""parts"": [
              {
                ""text"": ""[80, 100, 60, 80, 60, 380]\n""
              }
            ],
            ""role"": ""model""
          },
          ""finish_reason"": ""STOP"",
          ""avg_logprobs"": -0.1303988297780355
        }
      ],
      ""usage_metadata"": {
        ""prompt_token_count"": 1078,
        ""candidates_token_count"": 27,
        ""total_token_count"": 1105
      }
    }),
)"
13.html,"Sabe-se que os imigrantes venezuelanos estão migrando do seu país de origem devido a crise econômica.
Como citou Maquiavel “Não há nada mais difícil ou perigoso do que tomar a frente na introdução de uma mudança”, é indubitável que o governo tem que pensar em diversas maneiras de acolher ou de rejeitar os imigrantes por quê pode gerar desemprego, violência, falta de saneamento básico, dentre outros fatores, devido a grande quantidade de pessoas que imigram.
Porém, o Governo deve tomar medidas cabíveis, permitindo imigração de 25% dos venezuelanos. Assim, o Governo, junto com as empresas privadas, pode gerar novos empregos e com isso diminuindo a violência. ",o-brasil-e-os-imigrantes-no-mundo-contemporaneo,[120 160  80  80 160 600],"[100, 120, 40, 80, 60, 400]","response:
GenerateContentResponse(
    done=True,
    iterator=None,
    result=protos.GenerateContentResponse({
      ""candidates"": [
        {
          ""content"": {
            ""parts"": [
              {
                ""text"": ""[100, 120, 40, 80, 60, 400]\n""
              }
            ],
            ""role"": ""model""
          },
          ""finish_reason"": ""STOP"",
          ""avg_logprobs"": -0.10027987616402763
        }
      ],
      ""usage_metadata"": {
        ""prompt_token_count"": 2146,
        ""candidates_token_count"": 28,
        ""total_token_count"": 2174
      }
    }),
)"
17.html,"Eu acredito que os dois são muito importantes e um complementa o outro.O sucesso da Escola deve-se a convivência social, acesso a outras culturas e professores com qualificação e comprometimento.Convivência social: Aprende a conviver com pessoas com características diferentes, credos diferentes e outro tipo de educação, essa convivência faz com que nos tornemos mais tolerantes e menos preconceituosos.Acesso a outras Culturas: Temos muito preconceito com outras culturas pois não conhecemos, mas na escola nos ensinam que não é assim que sempre temos algo a aprender com o outro.Por outro lado o esforço individual nos mostra que é possível alcançar nossos sonhos e metas, através de interesses, curiosidades pessoais e comprometimento.Curiosidades pessoais: Aprender novos idiomas, se especializar em algo que ama fazer.Comprometimento: Definir uma meta e não desistir até alcança-la ",o-sucesso-vem-da-escola-ou-do-esforco-individual,[120  40  40 120   0 320],"[120, 100, 80, 100, 80, 480]","response:
GenerateContentResponse(
    done=True,
    iterator=None,
    result=protos.GenerateContentResponse({
      ""candidates"": [
        {
          ""content"": {
            ""parts"": [
              {
                ""text"": ""[120, 100, 80, 100, 80, 480]\n""
              }
            ],
            ""role"": ""model""
          },
          ""finish_reason"": ""STOP"",
          ""avg_logprobs"": -0.05716401544110528
        }
      ],
      ""usage_metadata"": {
        ""prompt_token_count"": 3480,
        ""candidates_token_count"": 29,
        ""total_token_count"": 3509
      }
    }),
)"
8.html,"Hoje dependemos igualmente da qualidade de ensino e do esforço individual do aluno, pois o sucesso só é conquistado deste modo.Nos dias de hoje com inúmeros casos de alunos de baixa renda, ou alunos sem apoio familiar conseguirem o tão sonhado emprego, fica claramente explícito que com determinação e esforço o sucesso é possível.Entretanto, para o sucesso ser mais facilmente alcançado a escola tem um importante papel, a escola tem como prioridade aperfeiçoar a capacidade do aluno.Logo, com boa qualidade de ensino e grande desempenho do aluno o sucesso é facilmente alcançado.",o-sucesso-vem-da-escola-ou-do-esforco-individual,[160  80  80 160   0 480],"[120, 100, 60, 100, 60, 440]","response:
GenerateContentResponse(
    done=True,
    iterator=None,
    result=protos.GenerateContentResponse({
      ""candidates"": [
        {
          ""content"": {
            ""parts"": [
              {
                ""text"": ""[120, 100, 60, 100, 60, 440]\n""
              }
            ],
            ""role"": ""model""
          },
          ""finish_reason"": ""STOP"",
          ""avg_logprobs"": -0.09904960106159079
        }
      ],
      ""usage_metadata"": {
        ""prompt_token_count"": 4746,
        ""candidates_token_count"": 29,
        ""total_token_count"": 4775
      }
    }),
)"
13.html,"Sabe-se que os imigrantes venezuelanos estão migrando do seu país de origem devido a crise econômica.
Como citou Maquiavel “Não há nada mais difícil ou perigoso do que tomar a frente na introdução de uma mudança”, é indubitável que o governo tem que pensar em diversas maneiras de acolher ou de rejeitar os imigrantes por quê pode gerar desemprego, violência, falta de saneamento básico, dentre outros fatores, devido a grande quantidade de pessoas que imigram.
Porém, o Governo deve tomar medidas cabíveis, permitindo imigração de 25% dos venezuelanos. Assim, o Governo, junto com as empresas privadas, pode gerar novos empregos e com isso diminuindo a violência. ",o-brasil-e-os-imigrantes-no-mundo-contemporaneo,[120  80  80 120 160 560],"[100, 120, 40, 80, 60, 400]","response:
GenerateContentResponse(
    done=True,
    iterator=None,
    result=protos.GenerateContentResponse({
      ""candidates"": [
        {
          ""content"": {
            ""parts"": [
              {
                ""text"": ""[100, 120, 40, 80, 60, 400]\n""
              }
            ],
            ""role"": ""model""
          },
          ""finish_reason"": ""STOP"",
          ""avg_logprobs"": -0.001199322087424142
        }
      ],
      ""usage_metadata"": {
        ""prompt_token_count"": 5816,
        ""candidates_token_count"": 28,
        ""total_token_count"": 5844
      }
    }),
)"
8.html,"Torna-se notável o aumento de imigrantes venezuelanos no Brasil nos últimos anos. Fato que fomenta diversas discussões e gera posicionamentos de políticos e pessoas influentes, visto que haja aqueles que colocam-se contra e outros a favor acerca do assunto.
O Brasil, como país integrante da Organização das Nações Unidas (ONU) concorda e executa, ou pelo menos deveria executar planos de ações humanitárias e zelas e defender os Direitos Humanos estabelecidos por acordos globais entre países. Entretanto, muitos brasileiros, inclusive influências nacionais, repudiam a entrada de estrangeiros em nosso país e alegam a facilidade de terrorismos ou pela dificuldade econômica de abrigar cada vez mais imigrantes e, de alguma forma, desfavorecer os que daqui são de origem. Fatores como esses são geradores de xenofobia, tanto no Brasil quanto em outros países, transformando-se em um problema global e que afeta centenas de milhares de pessoas.
Em contradição, há aquelas pessoas que dão moradia, refeições e oportunidades de trabalho assalariado. Pessoas essas que que se solidarizam e percebem em cada imigrante a dor de deixar seu país casa em busca de uma melhor condição de vida. As mesmas pessoas que acreditam em um país e um mundo melhor e que, para isso, é preciso abrir mão do pouco que se tem para ajudar quem nada tem.
Diante dessa divergência de opiniões que vêm ocasionando conflitos no mundo contemporâneo, é dever do Governo e, consequentemente, da administração de cada país que decidam, da maneira mais justa possível, analisando os prós e contras das situações, se o país aceitará a entrada de imigrantes ou não. Se sim, criando leis e órgãos que prezem pela boa condição do imigrante e certifique-se que o mesmo respeite e tenha um convívio agradável com aquela nação, com fiscalização constante e controle de entradas. Assim, será evitado diversos problemas que estão ocorrendo em razão da imigração, os imigrantes poderão viver suas vidas passivamente e o país desenvolver-se normalmente.",o-brasil-e-os-imigrantes-no-mundo-contemporaneo,[120 120 120 120  80 560],"[160, 140, 100, 120, 100, 620]","response:
GenerateContentResponse(
    done=True,
    iterator=None,
    result=protos.GenerateContentResponse({
      ""candidates"": [
        {
          ""content"": {
            ""parts"": [
              {
                ""text"": ""[160, 140, 100, 120, 100, 620]\n""
              }
            ],
            ""role"": ""model""
          },
          ""finish_reason"": ""STOP"",
          ""avg_logprobs"": -0.0007402880658065119
        }
      ],
      ""usage_metadata"": {
        ""prompt_token_count"": 7175,
        ""candidates_token_count"": 31,
        ""total_token_count"": 7206
      }
    }),
)"
15.html,"A condenação em segunda instância está causando muitas discussões no meio jurídico. Após a decisão de liberar alguns presos condenados em segunda instância, dentre eles o ex-presidente Lula, o assunto está presente diariamente na imprensa e nas mídias sociais.
Trata-se de um assunto muito delicado, pois envolvem crimes que prejudicaram uma outra parte e que causaram danos irreparáveis para alguns. A justiça brasileira precisará analisar com muita cautela qual decisão será tomada, visto que não agradará parte da população independente da decisão que for tomada.
Deve-se levar em conta que está sendo analisado apenas o lado do suposto criminoso e pouco se fala ou se faz para que a justiça seja feita de uma maneira que o(s) prejudicado(s) fiquem satisfeitos com as decisões proferidas. A justiça brasileira precisa fazer algumas modificações nas leis para que os acusados tenham a punição adequada e demonstrar para a população que a justiça funciona, minimizando ao máximo a sensação de impunidade e fortalecendo a credibilidade jurídica perante a população.
Portanto, os condenados em segunda instância devem aguardar presos por seus julgamentos enquanto a justiça faz a parte dela apurando todos os fatos e recursos que forem necessários para que seja sentenciada a decisão correta.",um-reu-deve-ou-nao-ser-preso-apos-a-condenacao-em-2-instancia,[200 120 120 120 120 680],"[120, 100, 80, 100, 80, 480]","response:
GenerateContentResponse(
    done=True,
    iterator=None,
    result=protos.GenerateContentResponse({
      ""candidates"": [
        {
          ""content"": {
            ""parts"": [
              {
                ""text"": ""[120, 100, 80, 100, 80, 480]\n""
              }
            ],
            ""role"": ""model""
          },
          ""finish_reason"": ""STOP"",
          ""avg_logprobs"": -0.01516985687716254
        }
      ],
      ""usage_metadata"": {
        ""prompt_token_count"": 8226,
        ""candidates_token_count"": 29,
        ""total_token_count"": 8255
      }
    }),
)"
6.html,"A onda de imigrações vem crescendo constantemente a cada ano, e o Brasil entra na lista de países preferidos. Segundo dados do Comitê Nacional Para Refugiados (Conare), em 2017, o país recebeu mais de 33.866 pedidos de refúgios de imigrantes. Os motivos que levam essas pessoas a saírem do país de origem são as perseguições motivadas por raça, nacionalidade, religião e opiniões políticas. Porém, para a Acnur, agência da ONU para refugiados, a falta de acesso aos serviços básicos como saúde, educação, moradia e distribuição de renda também entram no rol de motivos que levam indivíduos a migrarem.
Um pacto global sobre imigração foi assinado por 152 países na ONU para acolher essas pessoas que fogem do país de origem em busca de emprego, moradia, saúde, educação e segurança. O Brasil vem sendo procurado, devido ao encurtamento de abertura dos Estados Unidos e países europeus, que ficaram de fora desse pacto. Também, leva-se em consideração a facilidade que o país dá aos pedidos de refúgio. Segundo Bernardo Laferté, coordenador-geral do Conare, em entrevista à BBC, disse que o pedido de refúgio no Brasil não exige taxas nem documentos.
Apesar da grande onda de imigração no Brasil, a realidade que essas pessoas encontram por aqui é de vulnerabilidade, desemprego e falta de moradia. Em 2016, a contratação de imigrantes em empregos formais caiu 13%, segundo dados do Observatório das Migrações Internacionais (ObMigra), com apoio do Conselho Nacional de Imigrações (Cenig ) e do Ministério do Trabalho. A crise que o país vem passando desde 2014, afetou não só os brasileiros como também os estrangeiros. No entanto, a lei de imigração, aprovada em maio de 2017, que garante aos imigrantes legais, refugiados e solicitantes de refúgio no Brasil os mesmos direitos que os brasileiros natos, inclusive de abrirem o próprio negócio, contribuiu para que os estrangeiros abrissem o seu próprio negócio para fugir dos problemas ocasionados pela crise econômica.
O Brasil deve formalizar e garantir os direitos dessas pessoas que vêm de fora, porque a imigração tem pontos positivos, pois podem aquecer a economia e enriquecer a diversidade cultural dos países buscados. Portanto, garantir emprego, documentação e dar cidadania a essas pessoas são de suma importância para que eles elas não se sintam violados e excluídos quando chegam em um local que não pertence as suas tradições. A documentação garantida, por exemplo, protege o imigrante de trabalhos irregulares e de exploração.",o-brasil-e-os-imigrantes-no-mundo-contemporaneo,[160 160 160 160 160 800],"[160, 140, 120, 140, 120, 680]","response:
GenerateContentResponse(
    done=True,
    iterator=None,
    result=protos.GenerateContentResponse({
      ""candidates"": [
        {
          ""content"": {
            ""parts"": [
              {
                ""text"": ""[160, 140, 120, 140, 120, 680]\n""
              }
            ],
            ""role"": ""model""
          },
          ""finish_reason"": ""STOP"",
          ""avg_logprobs"": -0.012413632485174363
        }
      ],
      ""usage_metadata"": {
        ""prompt_token_count"": 9726,
        ""candidates_token_count"": 31,
        ""total_token_count"": 9757
      }
    }),
)"
10.html,"No mundo atual, milhares de indivíduos estão saindo do seu país natal e deslocando-se para o Brasil. Tomam essa decisão, de deixar famílias, amigos e parentes, no intuito de trabalhar e conquistar uma vida melhor para a sua sobrevivência.
Esses seres humanos estão por toda parte no nosso país. Em ruas, praias e empresas, vendendo de tudo para se manter. Infelizmente, essas ocorrências são desagradáveis, pois precisam fugir de guerras, pobreza e crises para continuar a sua motivação de vida. Para algumas pessoas, isso pode ser algo aprazível, mas para outras não.
A migração está evoluindo cada vez mais, todos os dias em função dos aspectos humanistas. Cada pessoa é única e a sua vida deve ser construída da maneira, que resultam o sucesso e a tranquilidade Nada é fácil atualmente, mas não podemos desanimar. A luta de hoje, será o sucesso de amanhã.",o-brasil-e-os-imigrantes-no-mundo-contemporaneo,[160  40  40 120  40 400],"[100, 80, 40, 60, 60, 340]","response:
GenerateContentResponse(
    done=True,
    iterator=None,
    result=protos.GenerateContentResponse({
      ""candidates"": [
        {
          ""content"": {
            ""parts"": [
              {
                ""text"": ""[100, 80, 40, 60, 60, 340]\n""
              }
            ],
            ""role"": ""model""
          },
          ""finish_reason"": ""STOP"",
          ""avg_logprobs"": -0.019047397154348868
        }
      ],
      ""usage_metadata"": {
        ""prompt_token_count"": 10840,
        ""candidates_token_count"": 27,
        ""total_token_count"": 10867
      }
    }),
)"
12.html,"Esse Bolsonaro realmente vai ser um perigo para o brasil primeiro que ele vai trazer terroristas para brasil porque com essa união com israel os terroristas não vão gostar e vão querer atacar o Brasil.
O Brasil sempre fez a política da boa vizinhança e era sempre querido pelos outros países, mas com esse radical no poder o Exercito que ele tanto idolatra e adora vai ter que proteger muito o Brasil desses inimigos terroristas porque eles não vão aceitar essa ligação entre Brasil e Israel.
Segundo que se ele continuar com essa ligação com israel os Árabes que são grandes importadores do Brasil eles não vão mais comprar nada do brasil e eles são grandes importadores do Brasil e isso vai gerar muito desemprego.
Depois essa conversa de liberar arma para o cidadão comum quem tinha que nós proteger era o Exercito e a policia mas pelo que estou vendo quem vai ter que se proteger é o próprio cidadão Brasileiro por que o exercito que ele tanto adora adora, não pode fazer isso e a policia não vai poder resolver isso sozinha, como estamos vendo no brasil 
Isso sem falar no rombo que o PT e o PMDB deixaram o brasil, quem vocês acham que Bolsonaro e Paulo guedes vão botar para pagar essa conta claro que somos nós.
Muito obrigada.",o-brasil-e-os-imigrantes-no-mundo-contemporaneo,[120  40  40 120   0 320],"[40, 60, 20, 40, 40, 200]","response:
GenerateContentResponse(
    done=True,
    iterator=None,
    result=protos.GenerateContentResponse({
      ""candidates"": [
        {
          ""content"": {
            ""parts"": [
              {
                ""text"": ""[40, 60, 20, 40, 40, 200]\n""
              }
            ],
            ""role"": ""model""
          },
          ""finish_reason"": ""STOP"",
          ""avg_logprobs"": -0.04998764166465172
        }
      ],
      ""usage_metadata"": {
        ""prompt_token_count"": 12019,
        ""candidates_token_count"": 26,
        ""total_token_count"": 12045
      }
    }),
)"
17.html,"O Brasil sempre recebeu os imigrantes de “braços abertos”, mas estamos diante um governo conservador e aliado de países desenvolvido assim como os Estados Unidos.
Com certeza isso fará com que o Brasil retroceda em relação a aceitação de pessoas de outros países.
A imigração é um direito de todo cidadão que queira uma vida segura para si e sua família.
Mas infelizmente diante o atual cenário em que o Brasil vive sejam elas no campo político, econômico e social sem dúvida isso afetará de uma maneira negativa os imigrantes também.
O Brasil precisa investir em políticas públicas para que traga benefícios aos brasileiros e aos que aqui chegaram, não deve restringir a entrada de pessoas que almejam uma vida mais segura. O Brasil já vem com grandes crises de violências, desemprego e isso ocorre devido a corrupção e não a imigração, organizem o Brasil para que nele todos possam se deleitar de forma justa e tranquila.",o-brasil-e-os-imigrantes-no-mundo-contemporaneo,[120  80  80  80 120 480],"[80, 100, 40, 80, 60, 360]","response:
GenerateContentResponse(
    done=True,
    iterator=None,
    result=protos.GenerateContentResponse({
      ""candidates"": [
        {
          ""content"": {
            ""parts"": [
              {
                ""text"": ""[80, 100, 40, 80, 60, 360]\n""
              }
            ],
            ""role"": ""model""
          },
          ""finish_reason"": ""STOP"",
          ""avg_logprobs"": -0.055091389903315795
        }
      ],
      ""usage_metadata"": {
        ""prompt_token_count"": 1083,
        ""candidates_token_count"": 27,
        ""total_token_count"": 1110
      }
    }),
)"
18.html,"O assunto de imigração ilegal é bastante delicado afinal não se pode ver apenas um lado, obviamente os governantes pensam sempre no melhor para o futuro do seu próprio país por isso muitos governantes optam por não facilitar esse processo de imigração.
Entretanto não podemos não esquecer das pessoas afinal elas não estão ali em condições precárias querendo fugir do seu país de origem apenas por não gostar, muitas daquelas pessoas estão ali tentando sobrevier algo que talvez para elas seja impossível fazer no seu próprio país, ajudar ou facilitar a entrada dessas pessoas pode ser uma boa iniciativa que consequentemente pode gerar lucro para o país e ajudar em diversos outros aspectos então dificultar a vinda dessas pessoas pode ser considerado uma falta de consideração afinal como foi dito no texto acima “o Brasil foi formado por imigrantes”, se eles ajudaram o Brasil a evoluir por que não ajudá-los agora? Essas pessoas apenas precisam de ajuda, elas apenas querem se reestabelecer, elas querem ter uma chance de poder viver de verdade uma chance de sobreviver e negar isso a elas é desumano.
Sabemos que pode ser um perigo para os nativos locais e é isso que os governantes pensam mas não podemos deixá-los esquecer de que eles podem ocasionar coisas boas porém acima de tudo que no futuro eles podem nos ocasionar, eles são seres vivos, eles são gente como a gente e se o seu próprio país o esqueceu e o fez sofrer não podemos abandoná-los também.",o-brasil-e-os-imigrantes-no-mundo-contemporaneo,[120 120  80 160  40 520],"[120, 100, 60, 100, 80, 460]","response:
GenerateContentResponse(
    done=True,
    iterator=None,
    result=protos.GenerateContentResponse({
      ""candidates"": [
        {
          ""content"": {
            ""parts"": [
              {
                ""text"": ""[120, 100, 60, 100, 80, 460]\n""
              }
            ],
            ""role"": ""model""
          },
          ""finish_reason"": ""STOP"",
          ""avg_logprobs"": -0.002838822531289068
        }
      ],
      ""usage_metadata"": {
        ""prompt_token_count"": 2303,
        ""candidates_token_count"": 29,
        ""total_token_count"": 2332
      }
    }),
)"
15.html,"No que se refere aos avanços tecnológicos no Brasil, nota-se que, atingiu diretamente à população em seu meio social, na qual, trouxe diversos benefícios e malefícios para os usuários. Em contrapartida, essa realidade impôs novos desafios para a sociedade contemporânea.
Nesse contexto, é conveniente destacar, que muitos indivíduos até mesmo crianças, estão sujeitas a manipulações, que pode ser inadequadas. Infelizmente, como há pessoas de má conduta que utiliza a internet para atraí pessoas fragilizados, é de fundamental importância o acompanhamento familiar.
Cabe ainda ressaltar, que ressaltar que tal meio se transforma em uma forma de lazer para todos os indivíduos, e com os avanços tecnológicos, irá conduzir mais ainda os telespectadores através dos seus gostos.",qualificacao-e-o-futuro-do-emprego,[0 0 0 0 0 0],"[100, 60, 40, 80, 60, 340]","response:
GenerateContentResponse(
    done=True,
    iterator=None,
    result=protos.GenerateContentResponse({
      ""candidates"": [
        {
          ""content"": {
            ""parts"": [
              {
                ""text"": ""[100, 60, 40, 80, 60, 340]\n""
              }
            ],
            ""role"": ""model""
          },
          ""finish_reason"": ""STOP"",
          ""avg_logprobs"": -0.0976906175966616
        }
      ],
      ""usage_metadata"": {
        ""prompt_token_count"": 2657,
        ""candidates_token_count"": 27,
        ""total_token_count"": 2684
      }
    }),
)"
6.html,"Múltiplos fatores são considerados na condenação de um réu e isso pode trazer à tona algumas polêmicas. Atualmente, está em voga o questionamento quanto a legalidade da pena após a decisão do juiz ter ocorrido em segunda instância.
Alguns países servem de exemplo para melhor esclarecimento entre as ideias opostas, e alguns casos específicos trazem a noção de que o cumprimento da pena é algo orgânico, por assim dizer, pode ser eliminado, diminuído ou ampliado, mediante apuração de novas provas, ou comportamento do réu após a batida do martelo.
Assim, sabendo que a punição ou absolvição, deve ocorrer em face do ato praticado, relacionando as consequências desse ato e principalmente a preservação do bem estar social, há a certeza de que o refinamento de antigos processos são positivos ao sentido da justiça. Então, a despeito da última palavra decisória ter sido declarada em qualquer instância possível, é preciso reforçar a ideia de que o objetivo da libertação de um preso deve acontecer, exclusivamente, caso seja benéfico ao Brasil.",um-reu-deve-ou-nao-ser-preso-apos-a-condenacao-em-2-instancia,[0 0 0 0 0 0],"[100, 80, 60, 100, 60, 400]","response:
GenerateContentResponse(
    done=True,
    iterator=None,
    result=protos.GenerateContentResponse({
      ""candidates"": [
        {
          ""content"": {
            ""parts"": [
              {
                ""text"": ""[100, 80, 60, 100, 60, 400]\n""
              }
            ],
            ""role"": ""model""
          },
          ""finish_reason"": ""STOP"",
          ""avg_logprobs"": -0.037481333528246195
        }
      ],
      ""usage_metadata"": {
        ""prompt_token_count"": 3665,
        ""candidates_token_count"": 28,
        ""total_token_count"": 3693
      }
    }),
)"
15.html,"A condenação em segunda instância está causando muitas discussões no meio jurídico. Após a decisão de liberar alguns presos condenados em segunda instância, dentre eles o ex-presidente Lula, o assunto está presente diariamente na imprensa e nas mídias sociais.
Trata-se de um assunto muito delicado, pois envolvem crimes que prejudicaram uma outra parte e que causaram danos irreparáveis para alguns. A justiça brasileira precisará analisar com muita cautela qual decisão será tomada, visto que não agradará parte da população independente da decisão que for tomada.
Deve-se levar em conta que está sendo analisado apenas o lado do suposto criminoso e pouco se fala ou se faz para que a justiça seja feita de uma maneira que o(s) prejudicado(s) fiquem satisfeitos com as decisões proferidas. A justiça brasileira precisa fazer algumas modificações nas leis para que os acusados tenham a punição adequada e demonstrar para a população que a justiça funciona, minimizando ao máximo a sensação de impunidade e fortalecendo a credibilidade jurídica perante a população.
Portanto, os condenados em segunda instância devem aguardar presos por seus julgamentos enquanto a justiça faz a parte dela apurando todos os fatos e recursos que forem necessários para que seja sentenciada a decisão correta.",um-reu-deve-ou-nao-ser-preso-apos-a-condenacao-em-2-instancia,[160 120 160 160 120 720],"[120, 100, 80, 120, 80, 500]","response:
GenerateContentResponse(
    done=True,
    iterator=None,
    result=protos.GenerateContentResponse({
      ""candidates"": [
        {
          ""content"": {
            ""parts"": [
              {
                ""text"": ""[120, 100, 80, 120, 80, 500]\n""
              }
            ],
            ""role"": ""model""
          },
          ""finish_reason"": ""STOP"",
          ""avg_logprobs"": -0.004543671834057775
        }
      ],
      ""usage_metadata"": {
        ""prompt_token_count"": 4713,
        ""candidates_token_count"": 29,
        ""total_token_count"": 4742
      }
    }),
)"
7.html,"É indubitável que à polêmica acerca de imigrantes no Brasil vêm crescendo majoritariamente, em sua maioria imigram por diversas causas, em consequência de crises políticas, governos ditatoriais, catástrofes naturais, condições humanas precárias em seus países de origem, mas, acima de tudo, buscando melhores condições de vida e trabalho.
Como supracitados anteriormente, eles buscam melhores condições de vida, sendo assim, torna-se necessário desvencilhar-se da visão preconceituosa que tanto nos assola, uma vez que, os brasileiros ainda na atualidade são contra a entrada de imigrantes por um medo descomunal do roubo acerca de seus ofícios, é de grande relevância lembrar que nosso país foi constituído de emigrantes portugueses, holandeses, entre outros, causando grande miscigenação e diversos valores em todo o Brasil. Por fim, é preciso que o governo hodierno adote políticas positivas acerca dessa conjuntura, auxiliando esses povos e garantindo a segurança dos mesmos. ",o-brasil-e-os-imigrantes-no-mundo-contemporaneo,[120 160 120 120  80 600],"[100, 100, 60, 100, 60, 420]","response:
GenerateContentResponse(
    done=True,
    iterator=None,
    result=protos.GenerateContentResponse({
      ""candidates"": [
        {
          ""content"": {
            ""parts"": [
              {
                ""text"": ""[100, 100, 60, 100, 60, 420]\n""
              }
            ],
            ""role"": ""model""
          },
          ""finish_reason"": ""STOP"",
          ""avg_logprobs"": -0.024839588280381828
        }
      ],
      ""usage_metadata"": {
        ""prompt_token_count"": 5843,
        ""candidates_token_count"": 29,
        ""total_token_count"": 5872
      }
    }),
)"
5.html,"É de conhecimento geral que a notícia se espalha pelo Brasil inteiro, pois a manifestação está sendo falada em todo o território nacional. Com base nos conhecimentos os caminhoneiros estão reivindicando seus direitos.
Em consequência disso, vê-se a todo instante reportagens que vem a julgar a manifestação, no entanto, dizem que os caminhoneiros estao causando desordem entre a população, nota-se qeos grevistas não estão apenas manifestando para si, e sim àqueles que não tiveram coragem de sair nas ruas a declarar sua indignação. Em todos os canais há notas de esclarecimento que devido a greve, está faltando remédios em hospitais, doadores, etc. Isso é praticamente um meio de não culpar os governantes e querem pôr culpa nos caminhoneiros.
Em virtudes dos fatos mencionados, conclui-se que há uma esperança de vida melhor assim que a greve acabar.",o-brasil-paralisado-o-que-voce-pensa-sobre-a-greve-dos-caminhoneiros,[0 0 0 0 0 0],"[80, 80, 40, 80, 60, 340]","response:
GenerateContentResponse(
    done=True,
    iterator=None,
    result=protos.GenerateContentResponse({
      ""candidates"": [
        {
          ""content"": {
            ""parts"": [
              {
                ""text"": ""[80, 80, 40, 80, 60, 340]\n""
              }
            ],
            ""role"": ""model""
          },
          ""finish_reason"": ""STOP"",
          ""avg_logprobs"": -0.086952255322383
        }
      ],
      ""usage_metadata"": {
        ""prompt_token_count"": 6790,
        ""candidates_token_count"": 26,
        ""total_token_count"": 6816
      }
    }),
)"
13.html,"A noção de emprego, com remuneração e direitos, foi moldada a partir da Revolução Industrial inglesa. Boa parte das mudanças, inerentes a esse período histórico, deveram-se à criação das primeiras máquinas que substituíram milhares de trabalhadores, fazendo-os ficar sem empregos ou a trabalharem de forma insalubre e mal remunerada.
Atualmente o mundo passa pela quarta Revolução Industrial, responsável por mudar as relações humanas profundamente, por meio da alta tecnologia. Porém ainda são poucos países que conseguem conciliar as mudanças causadas pela inconstante era cibernética.
Existem no Brasil, mais de 11 milhões de desempregados, que veem seus postos de emprego serem preenchidos por robôs - mais baratos e eficientes para as empresas. Esse cenário tende a piorar, e em algumas profissões poderão tornar-se obsoletas devido à escassez de demanda por meio das empresas. Em contrapartida atividades voltadas para o desenvolvimento e aperfeiçoamento de softwares, bem como as que exigem o uso da criatividade humana, serão mais requisitadas, tendo em vista que os computadores apenas aprendem soluções, não sendo capazes de criar novas.
Portanto, cabe ao MEC implementar nas escolas metodologias em que os estudantes ganham cada vez mais conhecimento acerca do funcionamento do mundo tecnológico e laboral. Aperfeiçoando o ensino, tornando-o cada vez mais moderno, instrutivo e instigante aos interessados. Então o Brasil terá profissionais capacitados, preparados desde cedo para os diversos cenários que o futuro possa vir a apresentar.",qualificacao-e-o-futuro-do-emprego,[160 160 160 160 160 800],"[160, 140, 100, 140, 120, 660]","response:
GenerateContentResponse(
    done=True,
    iterator=None,
    result=protos.GenerateContentResponse({
      ""candidates"": [
        {
          ""content"": {
            ""parts"": [
              {
                ""text"": ""[160, 140, 100, 140, 120, 660]\n""
              }
            ],
            ""role"": ""model""
          },
          ""finish_reason"": ""STOP"",
          ""avg_logprobs"": -0.0023379321059873027
        }
      ],
      ""usage_metadata"": {
        ""prompt_token_count"": 7309,
        ""candidates_token_count"": 31,
        ""total_token_count"": 7340
      }
    }),
)"
16.html,"É rotineira e comovente as cenas de imigrantes nas ruas do Brasil, sentados em frete de estabelecimentos comerciais com seus filhos menores pedindo esmola ou um prato de comida. No passado histórico, o Brasil teve alguns de seus Estados e Municípios colonizados e povoados por imigrantes, os quais promoveram na época benefícios para o nosso País : econômicos, territoriais e culturais. Seria o momento de o Brasil valorizar e solidarizar-se com os imigrantes?
Atualmente a imigração tem sido sinônimo de ameaça e até mesmo de “ciúme”, pois a maioria dos brasileiros pensa da seguinte maneira: Por que compartilhar ou doar ao estrangeiro algo que apenas deve ser dos brasileiros, como, o direto á moradia, saude e emprego. 
Entretanto os imigrantes não estão querendo usurpar o que não é seu, nem de impor sua cultura, nem de ter supremacia diante do governo brasileiro ou fazer ameaças. Apenas clamam por ajuda, solidariedade e humanização, seja do Brasil e também do mundo. Porque encontram-se em situações de extrema vulnerabilidade e miséria, contando apenas com a cooperação dos Países ricos ou daqueles que possam contribuir de alguma forma.
O Brasil apesar de ser um País em processo de desenvolvimento estabelece a diplomacia dos acordos internacionais e é atuante nas causas dos direitos humanos poderá ajudar os imigrantes nesta situação de crise e calamidade a qual constantemente os países vêm sendo afetado.
Pois, o nosso País é provido de programas, leis e recursos financeiros destinados as ações sociais desta conjuntura, tais como: centro para atender pessoas em situações de ruas, que dão acolhimentos e tratamento para essa comunidade, além do apoio de instituições filantrópicas ou associações que possuem finalidade humanitária que poderão corroborar as ajudas. Todavia é necessário frisar que não será feita a substituição do brasileiro pelo estrangeiro, mas agregá-lo, dando um suporte nesta fase difícil que o seu país de origem está passando. Estabelecendo normas que possam ordenar e regular está estadia.",o-brasil-e-os-imigrantes-no-mundo-contemporaneo,[120 120 160 160   0 560],"[140, 120, 100, 120, 100, 580]","response:
GenerateContentResponse(
    done=True,
    iterator=None,
    result=protos.GenerateContentResponse({
      ""candidates"": [
        {
          ""content"": {
            ""parts"": [
              {
                ""text"": ""[140, 120, 100, 120, 100, 580]\n""
              }
            ],
            ""role"": ""model""
          },
          ""finish_reason"": ""STOP"",
          ""avg_logprobs"": -0.000832941863806017
        }
      ],
      ""usage_metadata"": {
        ""prompt_token_count"": 8659,
        ""candidates_token_count"": 31,
        ""total_token_count"": 8690
      }
    }),
)"
3.html,"O mercado de trabalho está sofrendo mudanças, e apesar de investimento em educação, não estão sendo elaboradas estratégias pra para adaptar profissionais nesse novo cenário. Os jovens quase não tem noções sobre o novo mercado de trabalho voltado para setores tecnológicos deixando muitos a margem de uma boa qualidade de vida.
Tal fato causa também decadência no índice de desenvolvimento dos países, como o Brasil que é tecnologicamente atrasado. Devido à extinção de profissões na troca da mão de obra humana pela máquina, é preciso buscar capacitação nos empregos que estão surgindo.
No Brasil são ensinadas nas escolas apenas as disciplinas essenciais de forma arcaica, sem esclarecimento sobre o perfil profissional atravésde professores pouco competentes. Isso acontece principalmente nas regiões mais carentes, o que leva os indivíduos entre outros fatores, não obterem boa formação escolar, recorrerem a sub empregos e não buscar qualificação.
É necessário que os países, principalmente os menos desenvolvidos elaborem projetos de reestruturação em seus sistemas de educação, desenvolvendo ideias mutuamente entre seus aliados e associações de nações como o BRICS, investindo em pesquisa e intercâmbio de conhecimento para capacitar os jovens nas vagas mais demandadas, diminuindo o número de desempregados efetivamente.",qualificacao-e-o-futuro-do-emprego,[120 120 120 120 120 600],"[140, 120, 80, 120, 100, 560]","response:
GenerateContentResponse(
    done=True,
    iterator=None,
    result=protos.GenerateContentResponse({
      ""candidates"": [
        {
          ""content"": {
            ""parts"": [
              {
                ""text"": ""[140, 120, 80, 120, 100, 560]\n""
              }
            ],
            ""role"": ""model""
          },
          ""finish_reason"": ""STOP"",
          ""avg_logprobs"": -0.0017888553440570832
        }
      ],
      ""usage_metadata"": {
        ""prompt_token_count"": 9117,
        ""candidates_token_count"": 30,
        ""total_token_count"": 9147
      }
    }),
)"
7.html,"A homofobia vem aumentando diariamente, praticada por pessoas que dispõem de uma série de informações, opiniões, mas se recusam a aceitar o próximo, sobretudo se ele for julgado como “diferente” do que é acostumado se ver. Um dado alarmante, que necessita de atenção redobrada para que ao menos possamos sonhar com uma sociedade igualitária.
Em 2017, até o mês de maio, 117 pessoas foram assassinadas no Brasil devido à homofobia. É um assassinato a cada 25 horas, segundo o Grupo Gay da Bahia(GGB). Em 2016, consoante a Associação Internacional de Lésbicas, Gays, Bissexuais, Transgêneros e Intersexuais, 340 LGBTs foram mortos no Brasil. Em 2015, foram registradas 318 mortes, segundo informações do grupo.
Vale destacar que a homofobia não se expressa apenas na ocorrência de homicídios. Os homossexuais são constantemente agredidos, tanto fisicamente, quanto através de descriminalização em locais públicos, no entanto, as vítimas não podem fazer um boletim de ocorrência por um ataque homofóbico, pois na Constituição brasileira não existe uma penalização severa, além de prestação de serviços à comunidade ou então pagamento de cestas básicas, resultando em um incentivo ao crime.
Muitas vezes a homofobia vem acompanhada pelo racismo, “quando se trata de negro e gay, os estigmas ficam um pouco pior, pode-se dizer que a exclusão é dupla”. Quando se é branco e tem uma boa renda, a homossexualidade é tratada de forma mais compreensiva.
Em virtude dos fatos mencionados pode-se concluir que, odiar alguém a ponto de matar só porque esse alguém possuiu uma orientação sexual diferente da sua, é sim uma doença a ser combatida, afinal todos tem o direito de escolher ser feliz, de poder andar de mãos dadas com a pessoa amada, sem ser tratado de forma diferente. A educação sexual deveria ser obrigatória em todos os níveis escolares; o governo necessita criar uma lei mais severa e punir exemplarmente os agressores; e conscientizar a sociedade sobre o que é respeitar, e principalmente sobre o que é amar.",a-terapia-de-reversao-da-orientacao-sexual,[160  40  40 120  40 400],"[80, 100, 60, 80, 40, 360]","response:
GenerateContentResponse(
    done=True,
    iterator=None,
    result=protos.GenerateContentResponse({
      ""candidates"": [
        {
          ""content"": {
            ""parts"": [
              {
                ""text"": ""[80, 100, 60, 80, 40, 360]\n""
              }
            ],
            ""role"": ""model""
          },
          ""finish_reason"": ""STOP"",
          ""avg_logprobs"": -0.11243193237869828
        }
      ],
      ""usage_metadata"": {
        ""prompt_token_count"": 1456,
        ""candidates_token_count"": 27,
        ""total_token_count"": 1483
      }
    }),
)"
4.html,"A população do nosso país foi formada, em grande parte, por imigrantes portugueses, africanos (foram trazidos à força em navios negreiros), italianos, japoneses entre outros. Cada um fez parte de um período histórico dessa nação, com contribuições para a estrutura econômica, política e agrícola. Na contemporaneidade o Brasil continua a receber essas pessoas que vem de guerras, crises econômicas, perseguições religiosas e políticas e tantos outros motivos.
Nos últimos anos, migraram os haitianos, bolivianos, coreanos, angolanos, sírios e recentemente em 2018, os venezuelanos, que estão fugindo da crise em sua pátria.
A Declaração dos Direitos Humanos garante o direito à vida, à liberdade, ao trabalho e a educação, sem discriminação, a todo ser humano. A posição do Brasil deve ser a mesma do século XIX e XX, quando recebeu diversos imigrantes e agora na contemporaneidade, a de continuar aceitando a migração dessas pessoas, pois estará cumprindo os direitos humanos, que são inerente a todos independente da nacionalidade, idioma, etnia ou qualquer outra condição.
Eles migram carregados de necessidades básicas e elas devem ser atendidas com prioridade, como a documentação, moradia, saúde, educação, higiene, alimentação e renda. Mesmo o nosso país sendo subdesenvolvido, não pode deixar de garantir esse direito à vida aos imigrantes. 
Em suma, há muitas ONGS e instituições religiosas que ajudam essas pessoas. O governo pode subsidiar esses lugares com o recrutamento de voluntários da área da saúde, educação (com foco no aprendizado da língua portuguesa) e orientar sobre a procura por trabalho e abrigos para os imigrantes.
É preciso, também, ter um olhar para os filhos deles, que estão em período escolar e orientar as escolas a desenvolverem projetos com os alunos sobre a xenofobia, o bullying e a discriminação; procurar trazer a cultura dessas crianças e adolescentes ao conhecimento dos discentes brasileiros, para que se desenvolva empatia e respeito à diversidade cultural.",o-brasil-e-os-imigrantes-no-mundo-contemporaneo,[160 160 160 160 120 760],"[120, 140, 100, 120, 80, 560]","response:
GenerateContentResponse(
    done=True,
    iterator=None,
    result=protos.GenerateContentResponse({
      ""candidates"": [
        {
          ""content"": {
            ""parts"": [
              {
                ""text"": ""[120, 140, 100, 120, 80, 560]\n""
              }
            ],
            ""role"": ""model""
          },
          ""finish_reason"": ""STOP"",
          ""avg_logprobs"": -0.019951599836349487
        }
      ],
      ""usage_metadata"": {
        ""prompt_token_count"": 2807,
        ""candidates_token_count"": 30,
        ""total_token_count"": 2837
      }
    }),
)"
7.html,"É de conhecimento geral que, o Brasil vêm sofrendo uma grave crise na sua economia e os governantes decidiram aumentar os valores de praticamente tudo o que tem no país.
Por conta disso os caminhoneiros no fim de maio resolveram fazer uma paralisação bloqueando qualquer passagem de 24 estados e no Distrito Federal, pedindo pela a diminuição do valor da gasolina, também para abaixarem o custo do pedágio entre um lugar e outro, e diferentes tipos de pedidos.
O governo, nos primeiros dias, tentou rebater e disseram que iriam prender e multar os protestantes, porém não funcionou, eles não desbloquearam nenhuma das rodovias. Com isso causou a falta de diesel, de alimentos, queda nas indústrias e aumento da inflação.
Em consequência, o presidente Michel Temer resolveu fazer um acordo para que esse bloqueio tivesse fim, então marcou uma reunião com alguns representantes dessa greve e assinou um contrato onde dizia que iam diminuir os preços do diesel, assim como das outras coisas que foram pedidas, tendo em vista a isso, eles saíram das passagens e permitiram a entrada dos transportes nas ruas.",o-brasil-paralisado-o-que-voce-pensa-sobre-a-greve-dos-caminhoneiros,[120  40  80 160   0 400],"[100, 100, 80, 100, 60, 440]","response:
GenerateContentResponse(
    done=True,
    iterator=None,
    result=protos.GenerateContentResponse({
      ""candidates"": [
        {
          ""content"": {
            ""parts"": [
              {
                ""text"": ""[100, 100, 80, 100, 60, 440]\n""
              }
            ],
            ""role"": ""model""
          },
          ""finish_reason"": ""STOP"",
          ""avg_logprobs"": -0.01014373939612816
        }
      ],
      ""usage_metadata"": {
        ""prompt_token_count"": 3810,
        ""candidates_token_count"": 29,
        ""total_token_count"": 3839
      }
    }),
)"
19.html,"Representantes do CFP (Conselho Federal de Psicologia) estão discutindo recentemente sobre a terapia da orientação sexual, algo sem fundamento. 
Fatos comprovam que o Brasil é um dos países mais violentos contra gays, lésbicas, e transexuais do mundo, mas isso não é motivo para que tenha como obrigatoriedade curar as pessoas que sejam assim. 
Ouve-se muito comentários maldosos discriminando essas pessoas. Mas já pararam para pensar que todos tem têm seu direito de ser o que quiserem ser? Pessoas com um pensamento muito fechado, que não se abrem para entender o que os outros tem têm de diferente e que também são normais apoiam com certeza a ""cura gay"".
Seria mais fácil se todos pudessem escolher o que ser sem se preocupar com o que os outros julgam. Ao invés de criar propostas de terapia de orientação sexual o CFP podia realizar métodos de igualdade que cumprissem tudo conforme os gostos e modos de cada. ",a-terapia-de-reversao-da-orientacao-sexual,[120 120 120 120 120 600],"[100, 100, 60, 80, 40, 380]","response:
GenerateContentResponse(
    done=True,
    iterator=None,
    result=protos.GenerateContentResponse({
      ""candidates"": [
        {
          ""content"": {
            ""parts"": [
              {
                ""text"": ""[100, 100, 60, 80, 40, 380]\n""
              }
            ],
            ""role"": ""model""
          },
          ""finish_reason"": ""STOP"",
          ""avg_logprobs"": -0.03278433212212154
        }
      ],
      ""usage_metadata"": {
        ""prompt_token_count"": 5014,
        ""candidates_token_count"": 28,
        ""total_token_count"": 5042
      }
    }),
)"
8.html,"Emprego é o que estrutura os cidadãos de uma sociedade, fornecendo um meio de sobrevivência. Porém com o aumento da qualificação profissional e a chegada da tecnologia no mercado de trabalho, a curto prazo terá um efeito negativo para os indivíduos da conjuntura social. Uma vez que, não há igualdade de oportunidades para todas as pessoas, ocasionado o desemprego.
No filme ""Tempos Modernos"", de Charlie Chaplin, evidência uma perspectiva onde os operários tinham apenas uma função para desempenhar, contudo, se surgisse uma tecnologia que substituísse essa mão de obra, como consequência os trabalhadores ficariam desempregados. E com os avanços tecnológicos, o mercado de trabalho requisita uma maior capacitação profissional, logo, aqueles considerados menos qualificados ficam de fora dessa seleção, não existindo para eles uma estrutura social adequada que assegure que serão preparados para ter mais capacidade na profissão.
Karl Marx e Fredrich Engels abordaram a temática dos meios de profissão, como exemplo, o capitalismo. Foi perceptível para eles que existe uma classe que domina e outra que é dominada, desse modo, não tem igualdade de oportunidades para as pessoas. Visto que, são classificados de acordo com a riqueza que possuem, dessa maneira, existe um abismo social, pois há aqueles que tem mais suporte para alcançar mais qualificação, enquanto, os pobres desprovidos disso encontram dificuldades para entrar nessa área competitiva que é o mercado de trabalho.
Fatores como esses revelam a necessidade de melhorias sociais que se realizadas corretamente promoverá a longo prazo uma diminuição do desemprego, com qualidade e segurança. Portanto, deve haver mobilização de instituições privadas para financiar o investimento na construção de centros de qualificação profissional aos indivíduos que precisam dessa melhoria, assim, o Estado em conjunto com os componentes dele devem direcionar a geração de emprego para a sociedade, realizando concursos públicos que garantam estabilidade para o cidadão",qualificacao-e-o-futuro-do-emprego,[120 160 160 120 120 680],"[120, 120, 100, 120, 80, 540]","response:
GenerateContentResponse(
    done=True,
    iterator=None,
    result=protos.GenerateContentResponse({
      ""candidates"": [
        {
          ""content"": {
            ""parts"": [
              {
                ""text"": ""[120, 120, 100, 120, 80, 540]\n""
              }
            ],
            ""role"": ""model""
          },
          ""finish_reason"": ""STOP"",
          ""avg_logprobs"": -0.11845781803131103
        }
      ],
      ""usage_metadata"": {
        ""prompt_token_count"": 5605,
        ""candidates_token_count"": 30,
        ""total_token_count"": 5635
      }
    }),
)"
18.html,"É notório que a prisão após o julgamento em segunda instância traz divergências de opiniões, principalmente em relação a compatibilidade ou incompatibilidade com o ordenamento jurídico e com a Constituição. Dentre tantos fatores relevantes temos aspectos favoráveis e contrários a esse ato muitas vezes inconstitucional.
Sabe-se que a maioria dos aspectos favoráveis ao cumprimento da pena em segunda instância referem-se a palavra impunidade. Essas pessoas dizem que os mais ricos jamais seriam presos, pois possuem todos os recursos e os melhores advogados para procrastinar ao máximo suas penas. Alegam que outros criminosos seriam igualmente beneficiados ante a demora na tramitação dos processos na justiça brasileira; tudo isso contribuiria ainda mais para o aumento do crime.
Por outro lado, os que são contrários a prisão antes do trânsito em julgado fundamentam suas posições no texto da própria Constituição, no qual está escrito que ninguém considerado culpado senão após o trânsito em julgado da sentença penal condenatória que só ocorre no momento que se esgotam todos os recursos. Essas pessoas também entendem que a Legislação Penal já criou medidas para inibir o crime e proteger a sociedade de perfis altamente perigoso, como a prisão preventiva e temporária.
Por tudo isso, faz-se necessário que o poder judiciário cumpra o seu papel institucional e julgue com a maior brevidade possível. Não obstante, o Parlamento deve discutir sobre todo o sistema recursal penal brasileiro e a sua manutenção, enquanto isso, o Supremo Tribunal Federal manter deve manter o acesso aos recurso previsto em lei.",um-reu-deve-ou-nao-ser-preso-apos-a-condenacao-em-2-instancia,[160 160 160 160  80 720],"[160, 140, 120, 140, 100, 660]","response:
GenerateContentResponse(
    done=True,
    iterator=None,
    result=protos.GenerateContentResponse({
      ""candidates"": [
        {
          ""content"": {
            ""parts"": [
              {
                ""text"": ""[160, 140, 120, 140, 100, 660]\n""
              }
            ],
            ""role"": ""model""
          },
          ""finish_reason"": ""STOP"",
          ""avg_logprobs"": -0.0007810787327827946
        }
      ],
      ""usage_metadata"": {
        ""prompt_token_count"": 6718,
        ""candidates_token_count"": 31,
        ""total_token_count"": 6749
      }
    }),
)"
1.html,"Na noite de domingo dia dois de setembro de 2018 por volta das 19:30 da noite, houve um incidente com o Museu nacional do Rio de Janeiro. Dentre tantos motivos relevantes, temos: destruição de fósseis antigos e assim como uma perca para o Brasil.
O Museu foi fundado em seis de junho de 1818, nesse ano completou duzentos anos da sua existência. Ninguém sabe como começou o incêndio, mas muitos acreditam que seja por conta das afiações assim como um morador local diz te visto um balão caindo no museu que poderia te causado o
devido incêndio. Foram perdidas muitas estruturas antigas e também a mais importante as fosseis de luzia.
O que aconteceu com o museu deixou vários brasileiros triste, porém foi uma perda de não só de objetos e sim de lembranças de pessoas importantes que conviveu la, ou seja, a familia real e que também foi contestado a independência.
O Michel Temer comentou que foi uma perda incalculável para o país e que foi perdido duzentos anos de pesquisas, assim como o MEC ofereceu ajuda para o que precisar para recuperar o patrimônio histórico do Brasil. ",patrimonio-historico-e-cultural-brasileiro-um-caso-de-descaso,[ 80  40  40 120   0 280],"[80, 80, 60, 80, 40, 340]","response:
GenerateContentResponse(
    done=True,
    iterator=None,
    result=protos.GenerateContentResponse({
      ""candidates"": [
        {
          ""content"": {
            ""parts"": [
              {
                ""text"": ""[80, 80, 60, 80, 40, 340]\n""
              }
            ],
            ""role"": ""model""
          },
          ""finish_reason"": ""STOP"",
          ""avg_logprobs"": -0.05780248917066134
        }
      ],
      ""usage_metadata"": {
        ""prompt_token_count"": 7815,
        ""candidates_token_count"": 26,
        ""total_token_count"": 7841
      }
    }),
)"
14.html,"De acordo com a constituição federal todos têm o direito à ampla defesa, no entanto, todos os réus responderem em liberdade até a última instância, não será benéfica à sociedade, ou seja, os infratores ficaram soltos praticando crimes, aumentando o sentimento de insegurança do cidadão.
O direito de responder em liberdade é uma garantia que vem expressa na constituição federal, em um dos artigos determina que nenhuma pessoa será considerada culpada até o trânsito em julgado de sentença penal condenatória, porém, existem casos que a lei prejudica o cidadão e beneficia ao bandido.
Além disso, a sensação é que a impunidade aumenta a cada leis e decretos sancionados, ou seja, a justiça deve beneficiar ao cidadão a não ao bandido, pois, para não ser preso, basta não cometer crimes.
Outro ponto a mencionar é a insegurança que as novas leis poderão trazer as vítimas que foram prejudicadas por tais infratores, isto é, caso eles permanecerem soltos voltarão a cometer crimes à pessoa que o denunciou, acarretando infrações mais sérias.
Diante disso, é importante ressaltar o dever de cumprir as leis impostas leis, porém, o supremo tribunal federal deve priorizar o cidadão, criando súmulas que trazem benefícios à sociedade e não ao bandido, com isso, o país se tornará um lugar justo.",um-reu-deve-ou-nao-ser-preso-apos-a-condenacao-em-2-instancia,[ 80 120 120 120 120 560],"[120, 120, 100, 100, 80, 520]","response:
GenerateContentResponse(
    done=True,
    iterator=None,
    result=protos.GenerateContentResponse({
      ""candidates"": [
        {
          ""content"": {
            ""parts"": [
              {
                ""text"": ""[120, 120, 100, 100, 80, 520]\n""
              }
            ],
            ""role"": ""model""
          },
          ""finish_reason"": ""STOP"",
          ""avg_logprobs"": -0.09128829638163248
        }
      ],
      ""usage_metadata"": {
        ""prompt_token_count"": 8884,
        ""candidates_token_count"": 30,
        ""total_token_count"": 8914
      }
    }),
)"
7.html,"As pessoas da geração 2000 em diante, tem sido chamados de Geração Eu por sempre estarem exigindo elogios e se elevando. Sendo assim pessoas com muita autoestima podem se tornam egoístas. 
Jean Twenge, escritora do livro ''Geração Eu'', afirma que Narcisismo leva ao excesso de confiança ou seja a pessoa cria muitas ilusões e muitas vezes se decepciona e isso é fruto do mimo que recebem dos pais. 
Uma jornalista aposentada revela que quando você não permite que seu filho seja independente, ele sempre estará contando com você para alguma coisa. Se você cria seu filho dando tudo que quiser provavelmente não saberá viver sem você. 
Keith Campbell, psicólogo da Universidade da Geórgia, também fala que os pais estão tratando os filhos como pessoas da realeza, estão sempre querendo ser os melhores e se acham superiores. Muitas vezes não assumem os erros e reclamam quando as pessoas não reconhecem seu valor. 
Conclui-se, portanto, que os pais devem sempre educar bem seus filhos e dar não muito mais que o necessário, pois eles podem entrar na Geração Eu e se tornarem dependentes.",voce-faz-parte-da-turma-do-eu-me-acho,[160  40  40 120  40 400],"[120, 120, 100, 100, 60, 500]","response:
GenerateContentResponse(
    done=True,
    iterator=None,
    result=protos.GenerateContentResponse({
      ""candidates"": [
        {
          ""content"": {
            ""parts"": [
              {
                ""text"": ""[120, 120, 100, 100, 60, 500]\n""
              }
            ],
            ""role"": ""model""
          },
          ""finish_reason"": ""STOP"",
          ""avg_logprobs"": -0.04008655945460002
        }
      ],
      ""usage_metadata"": {
        ""prompt_token_count"": 10070,
        ""candidates_token_count"": 30,
        ""total_token_count"": 10100
      }
    }),
)"
15.html,"É notório que, a imigração tem sido um grande obstáculo para os governos nos últimos tempos, e de hoje que existe migração entre países, mas atualmente com grandes crises, a imigração vem tomando grandes proporções que se tornam impossível suportar. O Brasil por exemplo, carrega uma crise financeira e, com um número enorme de desempregados. 
Em tempos remotos, a imigração era vista como um futuro próspero forasteiros que traziam novas experiências, oportunidade e grandes descobertas e novos empregos, como os alemães, que trouxeram a cultura de fabricar vinhos de altíssima qualidade, em tempos atuais, temos os americanos, trazendo tecnologias para à plantação de soja. A imigração era vista como uma oportunidade de crescimento, assim como acontece no estado da Bahia por exemplo, mais precisamente em Luís Eduardo Magalhães, cidade pequena, mas que tem crescida e evoluída rapidamente através da plantação de soja, isso graças aos investimentos dos imigrantes, contudo a cidade vem crescendo a renda per capita, assim melhorando a qualidade de vida daqueles que ali reside, consequentemente povoados e regiões. 
Hoje a situação é bem diferente, pois a imigração e vista como uma ameaça para o povo, já que o país passa por uma recessão gravíssima, o índice de desemprego é alarmante, há sérios problemas vários setores, tais como a saúde e outros. O governa tem tentado ajudar, fazendo pactos imigratórios, recebendo várias pessoas do país vizinho, como a Venezuela, refugiando e dando emprego a eles, mas existe uma grande preocupação, pois o Brasil já se encontra em uma situação alarmante, precisando é de ajuda, como ajudar os países vizinhos. O Brasil possui atualmente cerca de 450 mil desempregados, dessa forma, ao invés de ajudar o país vizinho, vai ser o inverso, vai é atrapalhar tanto eles como sua própria nação. 
Sendo assim, nota-se que o ideal seria arrumar a pátria, ou seja, levando ao pé da letra a constituição, com saúde, educação, saneamento básico, moradia para todos, depois fornecer ajuda aos países vizinhos, pois se não há expectativa de vida, não tem como oferecer algo ao próximo.",o-brasil-e-os-imigrantes-no-mundo-contemporaneo,[120 160 120 120  40 560],"[120, 140, 100, 120, 80, 560]","response:
GenerateContentResponse(
    done=True,
    iterator=None,
    result=protos.GenerateContentResponse({
      ""candidates"": [
        {
          ""content"": {
            ""parts"": [
              {
                ""text"": ""[120, 140, 100, 120, 80, 560]\n""
              }
            ],
            ""role"": ""model""
          },
          ""finish_reason"": ""STOP"",
          ""avg_logprobs"": -0.0233341912428538
        }
      ],
      ""usage_metadata"": {
        ""prompt_token_count"": 11466,
        ""candidates_token_count"": 30,
        ""total_token_count"": 11496
      }
    }),
)"
17.html,"O Brasil tem vivido nos últimos meses uma discussão a respeito da prisão ou não de réus condenados em 2ª instância. A decisão, que será proferida pelo Supremo Tribunal Federal pode mudar o curso da legislação criminal do país. As opiniões são divididas, porém, temos que definir o que é melhor para a sociedade visando à segurança e o bem comum.
Por um lado, há a defesa da liberdade até o trânsito em julgado, como dita a nossa Constituição de 1988. Isso dá o direito ao réu de esgotar todas as possibilidades de recursos pelo contraditório e pela ampla defesa. Devemos nos colocar na situação de um réu, que se julga inocente, e que buscará provas para garantir sua liberdade. Não seria justo que o mesmo permanecesse preso sabendo que não cometeu o crime. Estaríamos privando um inocente de sua liberdade e contradizendo os princípios da Constituição Federal. Acredito que a condenação de forma errônea em 2ª instância pode até ocorrer por falhas da justiça, mas, em casos raríssimos que não representam a maioria. A condenação é feita por pessoas com elevado conhecimento de direito e que usam de provas concretas para tal.
Por outro lado, como já houve a condenação em 2ª instância, tem-se a prova de que houve sim um crime e a pessoa precisa pagar por ele. Entendo que o julgamento pela condenação em 2ª instância já esgotou as possibilidades de inocência e a entrada de recursos seria uma mera tentativa de reduzir ou minimizar a pena. Se houve uma condenação, esta pessoa representa um risco para a sociedade, podendo cometer mais crimes e tentar fraudar informações para garantir sua inocência. E ainda, se tivermos um sistema judiciário sério e eficiente, como poderíamos condenar numa instância e inocentar em outra?
A não prisão em 2ª instância requer mais tempo de recursos para o réu e consequente maior morosidade nas decisões da justiça. Esta morosidade pode acarretar danos à sociedade como aumento de crimes, fraudes e tentativas de escapar da justiça.
Por fim, a condenação em 2ª instância em minha opinião é suficiente para a prisão do réu. Cabe ao Supremo Tribunal Federal decidir o que melhor atende ao interesse público e seja mais eficiente e eficaz para o combate aos crimes e à constante luta por um país melhor.",um-reu-deve-ou-nao-ser-preso-apos-a-condenacao-em-2-instancia,[120 120 160 120 120 640],"[120, 100, 120, 80, 100, 520]","response:
GenerateContentResponse(
    done=True,
    iterator=None,
    result=protos.GenerateContentResponse({
      ""candidates"": [
        {
          ""content"": {
            ""parts"": [
              {
                ""text"": ""[120, 100, 120, 80, 100, 520]\n""
              }
            ],
            ""role"": ""model""
          },
          ""finish_reason"": ""STOP"",
          ""avg_logprobs"": -0.02887032429377238
        }
      ],
      ""usage_metadata"": {
        ""prompt_token_count"": 1260,
        ""candidates_token_count"": 30,
        ""total_token_count"": 1290
      }
    }),
)"
9.html,"Quando falamos em cultura cultura, logo pensamos em museus ou teatros, é o que mantém nossa história viva, que fazem lembrar-se da extrema importância de seus acontecimentos pelo país, e país e, quando algo destrói esses monumentos, parte do país se decepciona, por lembrar da alegria que trazia as às pessoas saberem que nossa história estava viva de certo modo. E o motivo é o governo, por investir em outros projetos ao invés de focar na cultura do país.
A história do país deveria ser uma das coisas com a qual o governo mais deveria se importar, pelo motivo de sempre deixar as pessoas mais informadas e lembradas, porém isso não existe, eles preferem investir em estádios ao invés de manter histórias de décadas viva. Como o museu nacional Museu Nacional, com seus milhões de visitantes anualmente, e nem isso foi um motivo para o governo dar a atenção necessária, é como se tudo isso fosse uma brincadeira para eles, e acabam deixando de lado algo revolucionário.
Agora com o inicio início das reformas do museu, não só do nacional como outros destruídos também por incêndios, o governo deveria pensar em investir nos patrimônios culturais, como os próprios viram como isso abalou os brasileiros, e os mesmos pedem que eles sejam cuidados e preservados, e isso só pode acontecer com a colaboração, principalmente daqueles que estão acima de nós, começando pela parte da valorização e terminando com a ajuda que ela precisa.",patrimonio-historico-e-cultural-brasileiro-um-caso-de-descaso,[120 120 120 120 120 600],"[100, 80, 100, 60, 80, 420]","response:
GenerateContentResponse(
    done=True,
    iterator=None,
    result=protos.GenerateContentResponse({
      ""candidates"": [
        {
          ""content"": {
            ""parts"": [
              {
                ""text"": ""[100, 80, 100, 60, 80, 420]\n""
              }
            ],
            ""role"": ""model""
          },
          ""finish_reason"": ""STOP"",
          ""avg_logprobs"": -0.004615885870797294
        }
      ],
      ""usage_metadata"": {
        ""prompt_token_count"": 2406,
        ""candidates_token_count"": 28,
        ""total_token_count"": 2434
      }
    }),
)"
5.html,"O Supremo Tribunal Federal discute nesse mês sobre a prisão em 2º instância, questionando se o réu deve ou não ficar preso após a decisão do juiz, validada pelo colegiado de desembargadores do Tribunal de Justiça. É fato, que o réu deve ser mantido preso após condenação em 2º instância, visto que o aguardo em liberdade após o trânsito em julgado reforça a impunidade da justiça brasileira, bem como desvalida a decisão tomada pelo juiz e pelo colegiado de desembargadores do TJ, acumulando processos no STF.
Em primeira análise, cabe ressaltar que se o réu aguarda o julgamento em liberdade, após encerrado todos os recursos, há reforço da impunidade no Brasil. Para Luiza Frischeisen, do Ministério Público Federal tal decisão incentiva à impunidade, visto que há diversos meios para recorrer de acordo com a lei penal. Dessa forma, entende-se a importância de prender os réus em segunda instância, a fim de não estimular a prática de crimes, bem como sua impunidade.
Além disso, cabe frisar também que o aguardo a liberdade em trânsito em julgado, desvalida a decisão tomada pelo juiz e pelo colegiado de desembargadores do TJ, acumulando processos no STF. De acordo com a Folha de S. Paulo, os acordos internacionais sobre os direitos fundamentais apontam que as decisões da 1ª e 2ª instância bastam para garantir o direito do réu em recorrer. Assim, verifica-se que a liberdade em trânsito julgado incha a maquina pública, causando maior lentidão nos processos, podendo esses serem prescritos. 
Levando-se os aspectos apresentados acima, é importante ressaltar que o réu deve ser mantido preso em 2ª instância, uma vez que o aguardo em liberdade após o trânsito em julgado reforça a impunidade da justiça brasileira, bem como desvalida a decisão tomada pelo juiz e pelo colegiado de desembargadores do TJ. Portanto, é necessário que o Ministério Público em parceria com os tribunais de justiça reflitam e pensem a respeito das consequências da soltura dos criminosos em 2º instância no nosso país. ",um-reu-deve-ou-nao-ser-preso-apos-a-condenacao-em-2-instancia,[120 120 160 160  80 640],"[160, 140, 160, 100, 120, 680]","response:
GenerateContentResponse(
    done=True,
    iterator=None,
    result=protos.GenerateContentResponse({
      ""candidates"": [
        {
          ""content"": {
            ""parts"": [
              {
                ""text"": ""[160, 140, 160, 100, 120, 680]\n""
              }
            ],
            ""role"": ""model""
          },
          ""finish_reason"": ""STOP"",
          ""avg_logprobs"": -0.1094332048969884
        }
      ],
      ""usage_metadata"": {
        ""prompt_token_count"": 3649,
        ""candidates_token_count"": 31,
        ""total_token_count"": 3680
      }
    }),
)"
11.html,"No decorrer dos séculos XVIII e XX, o mundo passou por três revoluções industriais, e atualmente, no século XXI, a quarta revolução industrial já acontece. As inovações tecnológicas proporcionadas por esse fenômeno impactam diversos setores como, saúde e agricultura, e a tendência é o mercado de trabalho aderir às novas tecnologias que estão sendo desenvolvidas. Entretanto, se os trabalhadores não acompanharem as modernizações, as oportunidades de emprego poderão se tornar escassas.
Segundo dados do Instituto Brasileiro de Geografia e Estatística (IBGE), é importante destacar que o Brasil possuía uma taxa de desemprego de 11,2% no final de 2019, aproximadamente 12 milhões de pessoas. Contudo, existem setores com muita disponibilidade de vagas, como os de tecnologia, os quais exigem uma qualificação do candidato, sendo esse requisito, um fator desclassificatório para muitas pessoas que não possuem uma formação superior.
Com o desenvolvimento da Inteligência Artificial (IA), muitas tarefas padronizadas que eram realizadas por serem humanos foram e estão sendo substituídas pelas máquinas inteligentes. Em oposição a isso, vários empregos surgiram, como e-commerce, marketing online e e-business, porém esses serviços não conseguem abranger a demanda de indivíduos descapacitados, pois as premissas principais desses ramos são a criatividade e capacitação para o uso da tecnologia. Sendo assim, as pessoas excluídas acabam recorrendo aos subempregos ou não conseguem trabalhar.
Portanto, é primordial que o Estado faça adesão de medidas para amenizar a realidade atual. A fim de que os jovens possam ter conhecimento das transformações tecnológicas, é necessário que as escolas realizem trabalhos, palestras e projetos de vida relacionados às profissões atuais. Em adição, a presença do Ministério da Educação e Cultura (MEC) é importante, para a implantação de disciplinas obrigatórias no componente curricular das escolas, como informática ou robótica, para que a juventude possa se integrar mais facilmente no mercado tecnológico. Já para a população adulta, o Governo deve garantir a existência de cursos gratuitos para a sociedade. Com essas ações, os trabalhadores poderão acompanhar as inovações da era e conquistar uma vaga de emprego.",qualificacao-e-o-futuro-do-emprego,[160 160 200 160 200 880],"[140, 120, 140, 100, 120, 620]","response:
GenerateContentResponse(
    done=True,
    iterator=None,
    result=protos.GenerateContentResponse({
      ""candidates"": [
        {
          ""content"": {
            ""parts"": [
              {
                ""text"": ""[140, 120, 140, 100, 120, 620]\n""
              }
            ],
            ""role"": ""model""
          },
          ""finish_reason"": ""STOP"",
          ""avg_logprobs"": -0.0033343222833448843
        }
      ],
      ""usage_metadata"": {
        ""prompt_token_count"": 4311,
        ""candidates_token_count"": 31,
        ""total_token_count"": 4342
      }
    }),
)"
3.html,"O Brasil tem vivido momentos conturbados em relação à política. No meio de tantos escândalos e corrupções, não sabemos ao certo quem está certo ou não. Este tipo de conflito costuma ser resolvido por grandes tribunais (STJ, STF e afins), que exercem esse trabalho por nós.
Nas últimas semanas, foi decidido pelo STF (Supremo Tribunal Federal), através de uma votação, que a pena de um réu só poderá ser emitida, após o mesmo não ter mais recursos contra essa determinação e, a seguir, ser julgado pelo próprio Supremo Tribunal Federal.
De acordo com à Constituição Federal, a terceira instância não existe. Porém, o réu pode recorrer ao Supremo para revisar às medidas judiciais tomadas pela 2° instância. Neste momento, o mais cabível, seria em que o réu começasse a ""pagar"" sua pena enquanto aguarda esta revisão. Em certos pontos, os Guardiões da Constituição estão indo contra à mesma, e isso em certo ponto causa discórdia entre a população. Isso demonstra, cada vez mais o quanto o Brasil, em questões políticas, ainda engatinha lentamente para evoluir.",um-reu-deve-ou-nao-ser-preso-apos-a-condenacao-em-2-instancia,[ 80  80  80  80  80 400],"[100, 80, 80, 60, 80, 400]","response:
GenerateContentResponse(
    done=True,
    iterator=None,
    result=protos.GenerateContentResponse({
      ""candidates"": [
        {
          ""content"": {
            ""parts"": [
              {
                ""text"": ""[100, 80, 80, 60, 80, 400]\n""
              }
            ],
            ""role"": ""model""
          },
          ""finish_reason"": ""STOP"",
          ""avg_logprobs"": -0.008198775626994946
        }
      ],
      ""usage_metadata"": {
        ""prompt_token_count"": 5339,
        ""candidates_token_count"": 27,
        ""total_token_count"": 5366
      }
    }),
)"
6.html,"Em ""Tempos modernos"", Chaplin nos apresenta um trabalhador fabril que em seu repetitivo trabalho quase se funde a máquina. Hoje quase um século após o filme as transformações no mundo do trabalho dispensam esse trabalhador que realiza funções de máquina. Estamos agora diante da quarta revolução industrial marcada pela presença da IA (inteligência artificial) essa agora de máquinas cumprindo papéis humanos. Esse momento novo em nossa história nos coloca frente à questão: como valorizar o humano na era da inteligência artificial?
Observar como está a saúde do mercado de trabalho é um bom ponto de partida para analisar o nosso momento social uma vez que a sociedade e o mundo do trabalho estão fortemente ligados. Neste sentido o que observarmos é uma redução cada faz maior dos postos de trabalho e no âmbito social um aumento populacional enorme tornando portanto o mercado mais competitivo onde muitos lutam por poucas vagas. Cada vez mais o mercado busca pelo trabalho especializado que exigem graduação isso já no presente momento, a tendência com a implementação da inteligência artificial é uma exigência ainda maior em um mundo que já passou a muito a casa dos 7 bilhões de habitantes.
Os países em desenvolvimento e os subdesenvolvidos que não dispõem de uma população qualificada devem ser os maiores atingidos e podem ver no longo prazo uma precarização do trabalho e um empobrecimento geral. Em países desenvolvidos como a Alemanha por exemplo a indústria automobilística já automatizou todas as suas montadoras, o trabalho humano no setor produtivo não é mais necessário restando apenas as funções gerências e administrativas que no futuro com a implantação da IA também farão a mão-de-obra humana dispensável em muitos casos.
É necessário pensar o futuro, preparar a sociedade para as mudanças. É fundamental investir pesado em educação da base a pesquisa nossos governantes devem entender que educação não é um gasto é um investimento para o futuro. Nenhuma grande potência nasceu sem investimento em educação. Uma nova distribuição da riqueza também deve ser pensada pois já observamos o crescimento do número de pessoas acima de sessenta anos além disso a o fato de que mesmo no melhor cenário econômico será impossível empregar a todos no futuro. Nesse cenário a concentração de renda pode aumentar sendo necessário mecanismos que redistribuam a riqueza. Muito ainda será pensado e dito sobre a revolução da IA a única certeza é a necessidade de valorizar sobre tudo a vida humana e que está não seja descartável como as máquinas que consideramos ultrapassadas.",qualificacao-e-o-futuro-do-emprego,[120 160 160 120  80 640],"[160, 140, 160, 120, 140, 720]","response:
GenerateContentResponse(
    done=True,
    iterator=None,
    result=protos.GenerateContentResponse({
      ""candidates"": [
        {
          ""content"": {
            ""parts"": [
              {
                ""text"": ""[160, 140, 160, 120, 140, 720]\n""
              }
            ],
            ""role"": ""model""
          },
          ""finish_reason"": ""STOP"",
          ""avg_logprobs"": -0.000821857322608271
        }
      ],
      ""usage_metadata"": {
        ""prompt_token_count"": 6043,
        ""candidates_token_count"": 31,
        ""total_token_count"": 6074
      }
    }),
)"
7.html,"As pessoas da geração 2000 em diante, tem sido chamados de Geração Eu por sempre estarem exigindo elogios e se elevando. Sendo assim pessoas com muita autoestima podem se tornam egoístas. 
Jean Twenge, escritora do livro ''Geração Eu'', afirma que Narcisismo leva ao excesso de confiança ou seja a pessoa cria muitas ilusões e muitas vezes se decepciona e isso é fruto do mimo que recebem dos pais. 
Uma jornalista aposentada revela que quando você não permite que seu filho seja independente, ele sempre estará contando com você para alguma coisa. Se você cria seu filho dando tudo que quiser provavelmente não saberá viver sem você. 
Keith Campbell, psicólogo da Universidade da Geórgia, também fala que os pais estão tratando os filhos como pessoas da realeza, estão sempre querendo ser os melhores e se acham superiores. Muitas vezes não assumem os erros e reclamam quando as pessoas não reconhecem seu valor. 
Conclui-se, portanto, que os pais devem sempre educar bem seus filhos e dar não muito mais que o necessário, pois eles podem entrar na Geração Eu e se tornarem dependentes.",voce-faz-parte-da-turma-do-eu-me-acho,[120  40  40 120  40 360],"[120, 100, 100, 80, 100, 500]","response:
GenerateContentResponse(
    done=True,
    iterator=None,
    result=protos.GenerateContentResponse({
      ""candidates"": [
        {
          ""content"": {
            ""parts"": [
              {
                ""text"": ""[120, 100, 100, 80, 100, 500]\n""
              }
            ],
            ""role"": ""model""
          },
          ""finish_reason"": ""STOP"",
          ""avg_logprobs"": -0.0004500853829085827
        }
      ],
      ""usage_metadata"": {
        ""prompt_token_count"": 7230,
        ""candidates_token_count"": 30,
        ""total_token_count"": 7260
      }
    }),
)"
4.html,"A população do nosso país foi formada, em grande parte, por imigrantes portugueses, africanos (foram trazidos à força em navios negreiros), italianos, japoneses entre outros. Cada um fez parte de um período histórico dessa nação, com contribuições para a estrutura econômica, política e agrícola. Na contemporaneidade o Brasil continua a receber essas pessoas que vem de guerras, crises econômicas, perseguições religiosas e políticas e tantos outros motivos.
Nos últimos anos, migraram os haitianos, bolivianos, coreanos, angolanos, sírios e recentemente em 2018, os venezuelanos, que estão fugindo da crise em sua pátria.
A Declaração dos Direitos Humanos garante o direito à vida, à liberdade, ao trabalho e a educação, sem discriminação, a todo ser humano. A posição do Brasil deve ser a mesma do século XIX e XX, quando recebeu diversos imigrantes e agora na contemporaneidade, a de continuar aceitando a migração dessas pessoas, pois estará cumprindo os direitos humanos, que são inerente a todos independente da nacionalidade, idioma, etnia ou qualquer outra condição.
Eles migram carregados de necessidades básicas e elas devem ser atendidas com prioridade, como a documentação, moradia, saúde, educação, higiene, alimentação e renda. Mesmo o nosso país sendo subdesenvolvido, não pode deixar de garantir esse direito à vida aos imigrantes. 
Em suma, há muitas ONGS e instituições religiosas que ajudam essas pessoas. O governo pode subsidiar esses lugares com o recrutamento de voluntários da área da saúde, educação (com foco no aprendizado da língua portuguesa) e orientar sobre a procura por trabalho e abrigos para os imigrantes.
É preciso, também, ter um olhar para os filhos deles, que estão em período escolar e orientar as escolas a desenvolverem projetos com os alunos sobre a xenofobia, o bullying e a discriminação; procurar trazer a cultura dessas crianças e adolescentes ao conhecimento dos discentes brasileiros, para que se desenvolva empatia e respeito à diversidade cultural.",o-brasil-e-os-imigrantes-no-mundo-contemporaneo,[160 200 120 160 120 760],"[160, 140, 160, 120, 140, 720]","response:
GenerateContentResponse(
    done=True,
    iterator=None,
    result=protos.GenerateContentResponse({
      ""candidates"": [
        {
          ""content"": {
            ""parts"": [
              {
                ""text"": ""[160, 140, 160, 120, 140, 720]\n""
              }
            ],
            ""role"": ""model""
          },
          ""finish_reason"": ""STOP"",
          ""avg_logprobs"": -0.006382776844886041
        }
      ],
      ""usage_metadata"": {
        ""prompt_token_count"": 8584,
        ""candidates_token_count"": 31,
        ""total_token_count"": 8615
      }
    }),
)"
15.html,"É notório que, a imigração tem sido um grande obstáculo para os governos nos últimos tempos, e de hoje que existe migração entre países, mas atualmente com grandes crises, a imigração vem tomando grandes proporções que se tornam impossível suportar. O Brasil por exemplo, carrega uma crise financeira e, com um número enorme de desempregados. 
Em tempos remotos, a imigração era vista como um futuro próspero forasteiros que traziam novas experiências, oportunidade e grandes descobertas e novos empregos, como os alemães, que trouxeram a cultura de fabricar vinhos de altíssima qualidade, em tempos atuais, temos os americanos, trazendo tecnologias para à plantação de soja. A imigração era vista como uma oportunidade de crescimento, assim como acontece no estado da Bahia por exemplo, mais precisamente em Luís Eduardo Magalhães, cidade pequena, mas que tem crescida e evoluída rapidamente através da plantação de soja, isso graças aos investimentos dos imigrantes, contudo a cidade vem crescendo a renda per capita, assim melhorando a qualidade de vida daqueles que ali reside, consequentemente povoados e regiões. 
Hoje a situação é bem diferente, pois a imigração e vista como uma ameaça para o povo, já que o país passa por uma recessão gravíssima, o índice de desemprego é alarmante, há sérios problemas vários setores, tais como a saúde e outros. O governa tem tentado ajudar, fazendo pactos imigratórios, recebendo várias pessoas do país vizinho, como a Venezuela, refugiando e dando emprego a eles, mas existe uma grande preocupação, pois o Brasil já se encontra em uma situação alarmante, precisando é de ajuda, como ajudar os países vizinhos. O Brasil possui atualmente cerca de 450 mil desempregados, dessa forma, ao invés de ajudar o país vizinho, vai ser o inverso, vai é atrapalhar tanto eles como sua própria nação. 
Sendo assim, nota-se que o ideal seria arrumar a pátria, ou seja, levando ao pé da letra a constituição, com saúde, educação, saneamento básico, moradia para todos, depois fornecer ajuda aos países vizinhos, pois se não há expectativa de vida, não tem como oferecer algo ao próximo.",o-brasil-e-os-imigrantes-no-mundo-contemporaneo,[ 40  80 120 160 120 520],"[120, 100, 120, 80, 100, 520]","response:
GenerateContentResponse(
    done=True,
    iterator=None,
    result=protos.GenerateContentResponse({
      ""candidates"": [
        {
          ""content"": {
            ""parts"": [
              {
                ""text"": ""[120, 100, 120, 80, 100, 520]\n""
              }
            ],
            ""role"": ""model""
          },
          ""finish_reason"": ""STOP"",
          ""avg_logprobs"": -0.008581932385762532
        }
      ],
      ""usage_metadata"": {
        ""prompt_token_count"": 9981,
        ""candidates_token_count"": 30,
        ""total_token_count"": 10011
      }
    }),
)"
11.html,"No Brasil contemporâneo vivenciamos o impacto da imigração de venezuelanos por meio da fronteira entre Brasil, no estado de Roraima, e Venezuela. O êxodo venezuelano tem se desdobrado em discussões, debates, medidas governamentais de gerenciamento dos imigrantes e, finalmente, a medida mais drástica, a ameaça de retirada do Brasil do Pacto Mundial para Migração pelo Presidente da República, Jair Messias Bolsonaro.
A questão de frente é a crise nos países de origem dos imigrantes gerada por governos corruptos, ditatoriais, guerras, conflitos internos e crise econômica além da falta de desenvolvimento na educação, carência de estruturas básicas de saneamento entre outros déficits. Já a questão de fundo, ofuscada pelo medo e desinformação, é a situação de imigrantes e refugiados que ficam à margem da sociedade e se sustentam apenas na esperança de sobreviverem em um país com condições diversas do seu país de origem.
A retirada do Brasil do Pacto Mundial para Migração é um erro, é a negação do estado de direito daqueles que se socorrem em nossa nação, pois o contexto da Constituição de 1988 assevera que somos uma nação solidária e que em nossas relações internacionais prevalecerão os direitos humanos e a cooperação entre os povos para o progresso da humanidade, o que significa que a saída do Brasil desse acordo é a negação da própria Constituição Federal, a carta inaugural da República Federativa Brasileira.
O Brasil é um país emergente, uma nação em ascensão com plenas condições de acolher imigrantes, sua acolhida significa, além de progresso, também o desenvolvimento e demonstração de prevalência dos direitos humanos com o absoluto respeito a dignidade da pessoa humana.",o-brasil-e-os-imigrantes-no-mundo-contemporaneo,[160 160 160 120   0 600],"[180, 160, 180, 140, 160, 820]","response:
GenerateContentResponse(
    done=True,
    iterator=None,
    result=protos.GenerateContentResponse({
      ""candidates"": [
        {
          ""content"": {
            ""parts"": [
              {
                ""text"": ""[180, 160, 180, 140, 160, 820]\n""
              }
            ],
            ""role"": ""model""
          },
          ""finish_reason"": ""STOP"",
          ""avg_logprobs"": -0.024140534862395254
        }
      ],
      ""usage_metadata"": {
        ""prompt_token_count"": 11273,
        ""candidates_token_count"": 31,
        ""total_token_count"": 11304
      }
    }),
)"
11.html,"A Lei Fleury ficou conhecida como a lei criada com o objetivo de proteger o delegado Sérgio Fleury de ser preso durante o regime da ditadura militar no Brasil. Atualmente, é possível dizer que o caso, de certa forma, está se repetindo, tendo em vista a recente decisão do Supremo Tribunal Federal (STF) em considerar inconstitucional a prisão de pessoas durante processos julgados até a segunda instância.
Nesse contexto, vale citar o caso do ex-presidente do país, Luiz Inácio Lula da Silva, que foi um dos beneficiados pela decisão do STF, cuja libertação provocou repercussão nacional e até internacional. Eis que, de um lado, o favorecimento dos presos, de outro a sensação de impunidade por parte do povo brasileiro.
Partindo do pressuposto de que o ato de condenação é resultado de um estudo aprofundado dos casos pautados por provas, nada mais plausível do que a prisão do condenado, independentemente da instância julgadora. Aguardar o trânsito em julgado de um processo em um país como o Brasil que dispõe de excessivos recursos, principalmente na esfera criminal, significa andar em direção contrária ao desenvolvimento nacional, assim como se configura como um desrespeito à população brasileira.",um-reu-deve-ou-nao-ser-preso-apos-a-condenacao-em-2-instancia,[200 160 120 160  40 680],"[80, 100, 40, 80, 60, 360]","response:
GenerateContentResponse(
    done=True,
    iterator=None,
    result=protos.GenerateContentResponse({
      ""candidates"": [
        {
          ""content"": {
            ""parts"": [
              {
                ""text"": ""[80, 100, 40, 80, 60, 360]\n""
              }
            ],
            ""role"": ""model""
          },
          ""finish_reason"": ""STOP"",
          ""avg_logprobs"": -0.02066498774069327
        }
      ],
      ""usage_metadata"": {
        ""prompt_token_count"": 1008,
        ""candidates_token_count"": 27,
        ""total_token_count"": 1035
      }
    }),
)"
11.html,"O iluminismo, movimento intelectual que surgiu no século XVIII, fez o ser humano ter uma visão diferenciada de si mesmo, reconhecendo suas habilidades e fraquezas. Este autoconhecimento se fortificou com o passar dos anos, tornando a sociedade mais autoconfiante.
Por conseguinte, nos tempos atuais surge uma nova concepção por parte dos adultos e idosos, quanto aos adolescentes e jovens atuais que são considerados arrogantes e confiantes demais. Diversos motivos são apresentados para a geração mais nova ter obtido tanta confiança em si, como por exemplo o mimo dos pais e as diversas oportunidades que os jovens e adolescentes possuem para ampliar o conhecimento, diferente do que era disponível à geração anterior. Essa forma de se ver melhor do que os outros acaba por gerar problemas aos mais novos, como por exemplo sentir que seus talentos não estão sendo devidamente reconhecidos.
Estudos recentes comprovam que os adolescentes e jovens atuais realmente se sentem melhores do que as pessoas mais velhas, entretanto percebe-se que há um conflito de gerações. É célebre que a tecnologia mais avançada e a maior disponibilidade de universidades e escolas fizeram a geração mais nova obter conhecimentos mais rapidamente. 
Se compararmos em termos intelectuais a população mundial atual, com a de pessoas da idade média, veremos que há uma grande diferença de conhecimento.
É notável a arrogância da geração mais nova, porém é perceptível o descontentamento das pessoas mais velhas em aceitar que os jovens e adolescentes estão aprendendo mais rapidamente.",voce-faz-parte-da-turma-do-eu-me-acho,[160  40  40 120   0 360],"[120, 100, 60, 80, 40, 400]","response:
GenerateContentResponse(
    done=True,
    iterator=None,
    result=protos.GenerateContentResponse({
      ""candidates"": [
        {
          ""content"": {
            ""parts"": [
              {
                ""text"": ""[120, 100, 60, 80, 40, 400]\n""
              }
            ],
            ""role"": ""model""
          },
          ""finish_reason"": ""STOP"",
          ""avg_logprobs"": -0.04654503294399807
        }
      ],
      ""usage_metadata"": {
        ""prompt_token_count"": 2261,
        ""candidates_token_count"": 28,
        ""total_token_count"": 2289
      }
    }),
)"
1.html,"Consoante a constituição federal vigente, ninguém será preso até a condenação transitada em julgado. A carta magna é clara quanto ao tempo em que se deve começar, de fato, o cumprimento do regime. Todavia, a constituição expressa a vontade do povo, o qual é realmente o detentor originário do poder constituinte, sendo assim, não é possível que se interprete a constituição apenas de forma literal, é necessário levar em conta também a opinião a quem vai recair essas mudanças.
O Brasil é signatário de vários tratados e convenções internacionais, inclusive, a constituição federal de 1988 possui diversos dispositivos extraídos desses acordos. Um deles, de suma importância, decorre da Declaração Universal dos Direitos Humanos, de 1948, o qual é o princípio da presunção de inocência. Muitas pessoas que são contra a prisão após a segunda instância se apoiam nesse princípio, dizendo que se ainda é possível recorrer, não há que se falar em prisão. O problema é que após a segunda instância não se avalia mais as provas e seus conteúdos, mas apenas as matérias constitucionais, ou seja, o condenado já é culpado, o que falta é apenas uma formalidade em que os tribunais superiores ratificam que tudo está em conformidade com a constituição.
Além disso, essas instâncias superiores, de certo modo, ferem o princípio da isonomia, visto que não são acessíveis a todos, e sim a um grupo seleto de pessoas com alto poder aquisitivo, que podem contratar os melhores advogados com capacidade de elaborar e de se fazer chegar esses pedidos ao plenário dos tribunais superiores. Como nossa lei penal retroage em favor do réu, caso mudem o atual entendimento de que a prisão após segunda instância é lícita, muitos poderão ser beneficiados, inclusive, estupradores, traficantes, corruptos. Por ser maioria o número de pessoas a favor do entendimento atual e para se garantir o sentimento de justiça, o STF precisa manter seu entendimento de 2016, pois tais mudanças, em um espaço tão curto de tempo, acarretam prejuízos à sociedade e grave instabilidade na ordem jurídica.
Percebe-se, portanto, que para que o país realmente deixe de ser conhecido como o país da impunidade, não basta que apenas seja mantida a prisão após segunda instância, como também que se endureça ainda mais as penas. Para que tudo isso seja possível, é imprescindível que a população mude seus pensamentos, mostre que realmente quer mudanças e que está disposta a lutar por isso, pois só assim, lutando, que será possível a concretização, de fato, do que traz a nossa constituição em seu artigo 5º: ""todos são iguais perante a lei"".",um-reu-deve-ou-nao-ser-preso-apos-a-condenacao-em-2-instancia,[160 120 160 120 160 720],"[160, 140, 100, 120, 100, 620]","response:
GenerateContentResponse(
    done=True,
    iterator=None,
    result=protos.GenerateContentResponse({
      ""candidates"": [
        {
          ""content"": {
            ""parts"": [
              {
                ""text"": ""[160, 140, 100, 120, 100, 620]\n""
              }
            ],
            ""role"": ""model""
          },
          ""finish_reason"": ""STOP"",
          ""avg_logprobs"": -0.0012310547453741874
        }
      ],
      ""usage_metadata"": {
        ""prompt_token_count"": 3633,
        ""candidates_token_count"": 31,
        ""total_token_count"": 3664
      }
    }),
)"
14.html,"Atualmente, o desemprego atinge grande parte da população, principalmente os jovens, que não possuem a qualificação exigida pelo mercado de trabalho. Com o avanço da tecnologia, a maioria das tarefas são executadas por equipamentos eletrônicos. Assim, os postos de trabalho estão sendo substituídos por máquinas.
As vagas disponíveis exigem qualificação profissional altíssima, qualificação que na maioria das vezes o jovem que acabou de sair do ensino médio não possui. Seja pela falta de oportunidade, seja pela falta de condições financeiras.
Não obstante, em um mundo onde as mudanças estão cada vez mais rápidas, é essencial que a sociedade crie e aceite as novas dinâmicas de trabalho e fomente o desenvolvimento de outras habilidades. 
Um exemplo dessa nova dinâmica de trabalho são os motoristas e entregadores de aplicativo que vem ganhando cada vez mais adeptos e mais força.
Assim, para seguir e manter a empregabilidade é necessário que as empresas em conjunto com a sociedade e o Estado quebrem paradigmas e ampliem opções de trabalho, desenvolvendo novas competências e habilidades.
Nesse sentido, é necessário haver um incentivo por parte tanto do Estado quanto das grandes empresas em ensino, educação de jovens e adultos, desenvolvimento de habilidades, competências, modernização dos postos de trabalho, modernização das legislações trabalhistas a fim de que as vagas de emprego do futuro sejam preenchidas e o desemprego cai significativamente.",qualificacao-e-o-futuro-do-emprego,[120  80  80 160  80 520],"[120, 100, 80, 100, 80, 480]","response:
GenerateContentResponse(
    done=True,
    iterator=None,
    result=protos.GenerateContentResponse({
      ""candidates"": [
        {
          ""content"": {
            ""parts"": [
              {
                ""text"": ""[120, 100, 80, 100, 80, 480]\n""
              }
            ],
            ""role"": ""model""
          },
          ""finish_reason"": ""STOP"",
          ""avg_logprobs"": -0.0063138378077539905
        }
      ],
      ""usage_metadata"": {
        ""prompt_token_count"": 4128,
        ""candidates_token_count"": 29,
        ""total_token_count"": 4157
      }
    }),
)"
1.html,"Hoje em dia a taxa de desemprego esta muito alta, isso é fato, mas não acho que seja realmente por falta de oportunidades, mas sim por falta de qualificação, existem muitos desempregados hoje, imagina futuramente! Parte da população hoje não possui ensino superior, o que ja é bem exigido, entre pessoas que tem ensino superior e pessoas que tem uma pós graduação, provavelmente vai contratar a pessoa que tem uma pós graduação.
Agora vamos falar do futuro que nós espera. Estamos no século da tecnologia e inovação onde cada vez mais maquinas ocupam o lugar de alguém, não só por falta de qualificação, mas também pela substituição de pessoas por maquinas. Também acho importante destacar que isso não so por deixar uma pessoa desempregada mas também faz com que á empresa economise dinheiro e tempo, sendo assim possa produzir mais.
Para finalizar acho importante dizer então que futuramente sem qualificação, o desemprego tenha uma taxa bem mais elevada que atualmente. Espero que as pessoas dê mais valor para os estudos, já que atualmente a taxa de jovens sem estudos é bem alta.",qualificacao-e-o-futuro-do-emprego,[ 80  80  40  40  40 280],"[100, 80, 60, 80, 60, 380]","response:
GenerateContentResponse(
    done=True,
    iterator=None,
    result=protos.GenerateContentResponse({
      ""candidates"": [
        {
          ""content"": {
            ""parts"": [
              {
                ""text"": ""[100, 80, 60, 80, 60, 380]\n""
              }
            ],
            ""role"": ""model""
          },
          ""finish_reason"": ""STOP"",
          ""avg_logprobs"": -0.03848340776231554
        }
      ],
      ""usage_metadata"": {
        ""prompt_token_count"": 4545,
        ""candidates_token_count"": 27,
        ""total_token_count"": 4572
      }
    }),
)"
1.html,"Na noite de domingo dia dois de setembro de 2018 por volta das 19:30 da noite, houve um incidente com o Museu nacional do Rio de Janeiro. Dentre tantos motivos relevantes, temos: destruição de fósseis antigos e assim como uma perca para o Brasil.
O Museu foi fundado em seis de junho de 1818, nesse ano completou duzentos anos da sua existência. Ninguém sabe como começou o incêndio, mas muitos acreditam que seja por conta das afiações assim como um morador local diz te visto um balão caindo no museu que poderia te causado o
devido incêndio. Foram perdidas muitas estruturas antigas e também a mais importante as fosseis de luzia.
O que aconteceu com o museu deixou vários brasileiros triste, porém foi uma perda de não só de objetos e sim de lembranças de pessoas importantes que conviveu la, ou seja, a familia real e que também foi contestado a independência.
O Michel Temer comentou que foi uma perda incalculável para o país e que foi perdido duzentos anos de pesquisas, assim como o MEC ofereceu ajuda para o que precisar para recuperar o patrimônio histórico do Brasil. ",patrimonio-historico-e-cultural-brasileiro-um-caso-de-descaso,[ 80  40  80  80   0 280],"[80, 60, 40, 60, 60, 300]","response:
GenerateContentResponse(
    done=True,
    iterator=None,
    result=protos.GenerateContentResponse({
      ""candidates"": [
        {
          ""content"": {
            ""parts"": [
              {
                ""text"": ""[80, 60, 40, 60, 60, 300]\n""
              }
            ],
            ""role"": ""model""
          },
          ""finish_reason"": ""STOP"",
          ""avg_logprobs"": -0.07887985156132625
        }
      ],
      ""usage_metadata"": {
        ""prompt_token_count"": 5638,
        ""candidates_token_count"": 26,
        ""total_token_count"": 5664
      }
    }),
)"
18.html,"Promulgada pela ONU em 1948, a Declaração Universal dos Direitos Humanos garante a todos os indivíduos o direito ao trabalho e ao bem-estar social. Conquanto, a o nível de qualificação profissional exigido atualmente impossibilita que essa essa parcela da população desfrute desse direito universal na prática. Nesse sentido, convém analisarmos as principais consequências de tal postura negligente para nossa sociedade.
A educação é o fator principal no desenvolvimento de um país. No entanto, apesar de ocupar a nona posição na economia mundial, o Brasil possui um sistema de ensino público ineficiente, e o resultado desse contraste é claramente refletido na falta de qualificação profissional do povo brasileiro. De acordo com o IBGE (Instituto Brasileiro de Geografia e Estatística), 41,3% dos trabalhadores brasileiros são informais. Diante do exposto, fica evidente a exclusão social vivenciada pelos profissionais com baixa qualificação, visto que a seleção de perfis será mais criteriosa e baseada no conhecimento técnico, aumentando assim a concorrência no mercado de trabalho.
Faz-se mister, ainda salientar a necessidade de promover melhorias no sistema de educação inclusiva do país. Nesse âmbito, as transformações no mercado de trabalho vem ocorrendo com mais velocidade graças ao rápido desenvolvimento tecnológico e científico. Logo, o profissional do futuro terá que aperfeiçoar seus conhecimentos, assim como saber manejar as novas tecnologias.
Portanto, indubitavelmente, medidas são necessárias para resolver esse problema. O MEC deve investir em cursos profissionalizantes para pessoas desempregadas com o objetivo de auxiliar na inserção dessas no mercado de trabalho. Já o Ministério do Trabalho em parceria com as empresas deve fazer atualizações nós cursos já existentes de seus trabalhadores com o intuito de manter-los modernizados e presentes na utilização de novas tecnologias. Pois só assim como dizia Nelson Mandela: ""a educação é a maior arma que se pode usar para mudar o mundo"".",qualificacao-e-o-futuro-do-emprego,[ 80 120 120  80 120 520],"[140, 120, 100, 120, 100, 580]","response:
GenerateContentResponse(
    done=True,
    iterator=None,
    result=protos.GenerateContentResponse({
      ""candidates"": [
        {
          ""content"": {
            ""parts"": [
              {
                ""text"": ""[140, 120, 100, 120, 100, 580]\n""
              }
            ],
            ""role"": ""model""
          },
          ""finish_reason"": ""STOP"",
          ""avg_logprobs"": -0.0009908149799992961
        }
      ],
      ""usage_metadata"": {
        ""prompt_token_count"": 6230,
        ""candidates_token_count"": 31,
        ""total_token_count"": 6261
      }
    }),
)"
1.html,"No Brasil, grande parte da população emigra procurando melhorar de vida em países mais desenvolvidos. Dessa forma, sair do pacto para imigração e diminuir as relações com o Mercosul representa mais prejuízos do que vantagens. Uma vez que o Brasil não é o país que mais recebe imigrantes, essa política contra o pacto pode prejudicar a vida de brasileiros no exterior.
Primeiramente, com a atual crise política e econômica na Venezuela, muitos cidadãos desse país estão procurando refúgio em países vizinhos. Sendo a Bolívia a que mais recebe essas pessoas sendo seguida pelo Brasil. A entrada desses imigrantes para o no Brasil deveria ser incentivada uma vez que o Brasil tem a capacidade de recebê-los e de aproveitar essa mão de obra para o desenvolvimento econômico nacional.
Em contrapartida, a saída do pacto global para a imigração pode prejudicar a relação do Brasil com outros países que recebem emigrantes brasileiros. Pois não sendo uma nação signatária do pacto pode sofrer com políticas mais duras como afirma o sociólogo Thomas Marshall sobre a conquista de direitos dos cidadãos na atual fase da globalização.
Portanto, o Brasil só tem a perder dificultando a imigração e incentivando a xenofobia. Logo para reverter essa situação o país não deve sair do pacto, flexibilizar a entrada de imigrantes e não se comparar com países desenvolvidos como o Reino Unido e a política do Brexit. Só assim poderemos crescer como nação, compartilhando os direitos sociais para todos.",o-brasil-e-os-imigrantes-no-mundo-contemporaneo,[160 200 160 200 160 880],"[140, 120, 100, 100, 100, 560]","response:
GenerateContentResponse(
    done=True,
    iterator=None,
    result=protos.GenerateContentResponse({
      ""candidates"": [
        {
          ""content"": {
            ""parts"": [
              {
                ""text"": ""[140, 120, 100, 100, 100, 560]\n""
              }
            ],
            ""role"": ""model""
          },
          ""finish_reason"": ""STOP"",
          ""avg_logprobs"": -0.004738479371993772
        }
      ],
      ""usage_metadata"": {
        ""prompt_token_count"": 7459,
        ""candidates_token_count"": 31,
        ""total_token_count"": 7490
      }
    }),
)"
17.html,"O Brasil sempre recebeu os imigrantes de “braços abertos”, mas estamos diante um governo conservador e aliado de países desenvolvido assim como os Estados Unidos.
Com certeza isso fará com que o Brasil retroceda em relação a aceitação de pessoas de outros países.
A imigração é um direito de todo cidadão que queira uma vida segura para si e sua família.
Mas infelizmente diante o atual cenário em que o Brasil vive sejam elas no campo político, econômico e social sem dúvida isso afetará de uma maneira negativa os imigrantes também.
O Brasil precisa investir em políticas públicas para que traga benefícios aos brasileiros e aos que aqui chegaram, não deve restringir a entrada de pessoas que almejam uma vida mais segura. O Brasil já vem com grandes crises de violências, desemprego e isso ocorre devido a corrupção e não a imigração, organizem o Brasil para que nele todos possam se deleitar de forma justa e tranquila.",o-brasil-e-os-imigrantes-no-mundo-contemporaneo,[120 120 120 120 120 600],"[100, 80, 60, 80, 80, 400]","response:
GenerateContentResponse(
    done=True,
    iterator=None,
    result=protos.GenerateContentResponse({
      ""candidates"": [
        {
          ""content"": {
            ""parts"": [
              {
                ""text"": ""[100, 80, 60, 80, 80, 400]\n""
              }
            ],
            ""role"": ""model""
          },
          ""finish_reason"": ""STOP"",
          ""avg_logprobs"": -0.005488807404482806
        }
      ],
      ""usage_metadata"": {
        ""prompt_token_count"": 8574,
        ""candidates_token_count"": 27,
        ""total_token_count"": 8601
      }
    }),
)"
11.html,"No decorrer dos séculos XVIII e XX, o mundo passou por três revoluções industriais, e atualmente, no século XXI, a quarta revolução industrial já acontece. As inovações tecnológicas proporcionadas por esse fenômeno impactam diversos setores como, saúde e agricultura, e a tendência é o mercado de trabalho aderir às novas tecnologias que estão sendo desenvolvidas. Entretanto, se os trabalhadores não acompanharem as modernizações, as oportunidades de emprego poderão se tornar escassas.
Segundo dados do Instituto Brasileiro de Geografia e Estatística (IBGE), é importante destacar que o Brasil possuía uma taxa de desemprego de 11,2% no final de 2019, aproximadamente 12 milhões de pessoas. Contudo, existem setores com muita disponibilidade de vagas, como os de tecnologia, os quais exigem uma qualificação do candidato, sendo esse requisito, um fator desclassificatório para muitas pessoas que não possuem uma formação superior.
Com o desenvolvimento da Inteligência Artificial (IA), muitas tarefas padronizadas que eram realizadas por serem humanos foram e estão sendo substituídas pelas máquinas inteligentes. Em oposição a isso, vários empregos surgiram, como e-commerce, marketing online e e-business, porém esses serviços não conseguem abranger a demanda de indivíduos descapacitados, pois as premissas principais desses ramos são a criatividade e capacitação para o uso da tecnologia. Sendo assim, as pessoas excluídas acabam recorrendo aos subempregos ou não conseguem trabalhar.
Portanto, é primordial que o Estado faça adesão de medidas para amenizar a realidade atual. A fim de que os jovens possam ter conhecimento das transformações tecnológicas, é necessário que as escolas realizem trabalhos, palestras e projetos de vida relacionados às profissões atuais. Em adição, a presença do Ministério da Educação e Cultura (MEC) é importante, para a implantação de disciplinas obrigatórias no componente curricular das escolas, como informática ou robótica, para que a juventude possa se integrar mais facilmente no mercado tecnológico. Já para a população adulta, o Governo deve garantir a existência de cursos gratuitos para a sociedade. Com essas ações, os trabalhadores poderão acompanhar as inovações da era e conquistar uma vaga de emprego.",qualificacao-e-o-futuro-do-emprego,[160 160 160 160 120 760],"[160, 140, 120, 140, 120, 680]","response:
GenerateContentResponse(
    done=True,
    iterator=None,
    result=protos.GenerateContentResponse({
      ""candidates"": [
        {
          ""content"": {
            ""parts"": [
              {
                ""text"": ""[160, 140, 120, 140, 120, 680]\n""
              }
            ],
            ""role"": ""model""
          },
          ""finish_reason"": ""STOP"",
          ""avg_logprobs"": -0.007420480251312256
        }
      ],
      ""usage_metadata"": {
        ""prompt_token_count"": 9232,
        ""candidates_token_count"": 31,
        ""total_token_count"": 9263
      }
    }),
)"
6.html,"A onda de imigrações vem crescendo constantemente a cada ano, e o Brasil entra na lista de países preferidos. Segundo dados do Comitê Nacional Para Refugiados (Conare), em 2017, o país recebeu mais de 33.866 pedidos de refúgios de imigrantes. Os motivos que levam essas pessoas a saírem do país de origem são as perseguições motivadas por raça, nacionalidade, religião e opiniões políticas. Porém, para a Acnur, agência da ONU para refugiados, a falta de acesso aos serviços básicos como saúde, educação, moradia e distribuição de renda também entram no rol de motivos que levam indivíduos a migrarem.
Um pacto global sobre imigração foi assinado por 152 países na ONU para acolher essas pessoas que fogem do país de origem em busca de emprego, moradia, saúde, educação e segurança. O Brasil vem sendo procurado, devido ao encurtamento de abertura dos Estados Unidos e países europeus, que ficaram de fora desse pacto. Também, leva-se em consideração a facilidade que o país dá aos pedidos de refúgio. Segundo Bernardo Laferté, coordenador-geral do Conare, em entrevista à BBC, disse que o pedido de refúgio no Brasil não exige taxas nem documentos.
Apesar da grande onda de imigração no Brasil, a realidade que essas pessoas encontram por aqui é de vulnerabilidade, desemprego e falta de moradia. Em 2016, a contratação de imigrantes em empregos formais caiu 13%, segundo dados do Observatório das Migrações Internacionais (ObMigra), com apoio do Conselho Nacional de Imigrações (Cenig ) e do Ministério do Trabalho. A crise que o país vem passando desde 2014, afetou não só os brasileiros como também os estrangeiros. No entanto, a lei de imigração, aprovada em maio de 2017, que garante aos imigrantes legais, refugiados e solicitantes de refúgio no Brasil os mesmos direitos que os brasileiros natos, inclusive de abrirem o próprio negócio, contribuiu para que os estrangeiros abrissem o seu próprio negócio para fugir dos problemas ocasionados pela crise econômica.
O Brasil deve formalizar e garantir os direitos dessas pessoas que vêm de fora, porque a imigração tem pontos positivos, pois podem aquecer a economia e enriquecer a diversidade cultural dos países buscados. Portanto, garantir emprego, documentação e dar cidadania a essas pessoas são de suma importância para que eles elas não se sintam violados e excluídos quando chegam em um local que não pertence as suas tradições. A documentação garantida, por exemplo, protege o imigrante de trabalhos irregulares e de exploração.",o-brasil-e-os-imigrantes-no-mundo-contemporaneo,[160 200 120 120 120 720],"[120, 160, 140, 100, 120, 640]","response:
GenerateContentResponse(
    done=True,
    iterator=None,
    result=protos.GenerateContentResponse({
      ""candidates"": [
        {
          ""content"": {
            ""parts"": [
              {
                ""text"": ""[120, 160, 140, 100, 120, 640]\n""
              }
            ],
            ""role"": ""model""
          },
          ""finish_reason"": ""STOP"",
          ""avg_logprobs"": -0.11229015934851862
        }
      ],
      ""usage_metadata"": {
        ""prompt_token_count"": 1470,
        ""candidates_token_count"": 31,
        ""total_token_count"": 1501
      }
    }),
)"
12.html,"As constantes mudanças tecnológicas que ocorrem no mundo surgem das necessidades organizacionais em maximizar a produção e reduzir recursos, a partir dessa demanda o surgimento de profissões que requerem conhecimentos básicos em tecnologia e o desaparecimento de outras é inevitável.
Cabe salientar que na última década o vocábulo (digital) ganhou novos significados, se antes era sinônimo de TI, Tecnologia da Informação, na atualidade está relacionada com várias arias, por esse motivo trabalhadores cada vez mais familiarizados com a tecnologia sobressaem dentre os outros. É a constante informatização e automatização de empresas exigem profissionais cada vez mais capacitados e com formação específica.
Por outro lado, pessoas que não foram educadas tecnologicamente, ou seja, não sabe usar um computador ou outros componentes básicos da era digital, ficarão para trás. Ascensorista era uma profissão que existia na primeira metade do século 20, operava elevadores os quais eram manuais, com o aparecimento dos primeiros elevadores automáticos em 1930 a profissão desapareceu.
O investimento em educação e capacitação é uma boa estratégia para se manter no mercado de trabalho. A educação digital e primordial para vivermos em uma sociedade que se transforma a todo momento.",qualificacao-e-o-futuro-do-emprego,[120 200 160 120  80 680],"[100, 120, 100, 80, 100, 500]","response:
GenerateContentResponse(
    done=True,
    iterator=None,
    result=protos.GenerateContentResponse({
      ""candidates"": [
        {
          ""content"": {
            ""parts"": [
              {
                ""text"": ""[100, 120, 100, 80, 100, 500]\n""
              }
            ],
            ""role"": ""model""
          },
          ""finish_reason"": ""STOP"",
          ""avg_logprobs"": -0.021762057145436605
        }
      ],
      ""usage_metadata"": {
        ""prompt_token_count"": 1927,
        ""candidates_token_count"": 30,
        ""total_token_count"": 1957
      }
    }),
)"
6.html,"Múltiplos fatores são considerados na condenação de um réu e isso pode trazer à tona algumas polêmicas. Atualmente, está em voga o questionamento quanto a legalidade da pena após a decisão do juiz ter ocorrido em segunda instância.
Alguns países servem de exemplo para melhor esclarecimento entre as ideias opostas, e alguns casos específicos trazem a noção de que o cumprimento da pena é algo orgânico, por assim dizer, pode ser eliminado, diminuído ou ampliado, mediante apuração de novas provas, ou comportamento do réu após a batida do martelo.
Assim, sabendo que a punição ou absolvição, deve ocorrer em face do ato praticado, relacionando as consequências desse ato e principalmente a preservação do bem estar social, há a certeza de que o refinamento de antigos processos são positivos ao sentido da justiça. Então, a despeito da última palavra decisória ter sido declarada em qualquer instância possível, é preciso reforçar a ideia de que o objetivo da libertação de um preso deve acontecer, exclusivamente, caso seja benéfico ao Brasil.",um-reu-deve-ou-nao-ser-preso-apos-a-condenacao-em-2-instancia,[120 120  80 120  40 480],"[100, 80, 80, 60, 80, 400]","response:
GenerateContentResponse(
    done=True,
    iterator=None,
    result=protos.GenerateContentResponse({
      ""candidates"": [
        {
          ""content"": {
            ""parts"": [
              {
                ""text"": ""[100, 80, 80, 60, 80, 400]\n""
              }
            ],
            ""role"": ""model""
          },
          ""finish_reason"": ""STOP"",
          ""avg_logprobs"": -0.009042213360468546
        }
      ],
      ""usage_metadata"": {
        ""prompt_token_count"": 2938,
        ""candidates_token_count"": 27,
        ""total_token_count"": 2965
      }
    }),
)"
7.html,"O Ministério da Cultura não está nem um pouco preocupado com a preservação do patrimônio público, o incêndio do Museu Histórico Nacional é a grande confirmação deste fato.
Entre as 350 mil peças do vasto acervo, restou muito pouco do conhecimento científico existente, vai que entre os manuscritos tivesse uma árvore genealógica explicando o desenvolvimento psicomotor da criança, e que ali alguns professores de escolas públicas que estivessem preocupados com as questões sociais do país, levassem seus alunos e fizessem estes compreenderem a situação educacional do Brasil?
Juntos, eles podem compreender que Componentes curriculares como a Educação física e a Artes e Educação são essenciais para a formação das crianças na Educação Infantil (0 a 5 anos e 11 meses), permitindo que os discentes tenham acesso à alfabetização.
Descobrir que estes componentes curriculares trabalham as habilidades motoras básicas manipulativas (apanhar, lançar...) e locomotoras (correr, saltar...) que são fundamentais para a estruturação do corpo, pois a criança precisa ter a lateralidade (noção de lado direito e esquerdo, haja vista que, tanto a leitura, como a escrita, quanto o cálculo são realizados da esquerda para direita) estruturada, saber fazer a reversibilidade, ou seja, se colocar no ponto de vista do outro, no caso o caderno, para assim fazer a escrita, a leitura e o cálculo.
Contudo isso, os professores e alunos da rede pública devem, de forma organizada, pedir a inclusão destes componentes curriculares na teoria e na prática, permitindo a emancipação de uma classe social que atualmente está sendo vítima de uma ordem social vigente, deixando estes como seres puramente biológicos e não sociais e culturais.",patrimonio-historico-e-cultural-brasileiro-um-caso-de-descaso,[0 0 0 0 0 0],"[100, 100, 80, 60, 80, 420]","response:
GenerateContentResponse(
    done=True,
    iterator=None,
    result=protos.GenerateContentResponse({
      ""candidates"": [
        {
          ""content"": {
            ""parts"": [
              {
                ""text"": ""[100, 100, 80, 60, 80, 420]\n""
              }
            ],
            ""role"": ""model""
          },
          ""finish_reason"": ""STOP"",
          ""avg_logprobs"": -0.01686441046851022
        }
      ],
      ""usage_metadata"": {
        ""prompt_token_count"": 4142,
        ""candidates_token_count"": 28,
        ""total_token_count"": 4170
      }
    }),
)"
1.html,"No Brasil, grande parte da população emigra procurando melhorar de vida em países mais desenvolvidos. Dessa forma, sair do pacto para imigração e diminuir as relações com o Mercosul representa mais prejuízos do que vantagens. Uma vez que o Brasil não é o país que mais recebe imigrantes, essa política contra o pacto pode prejudicar a vida de brasileiros no exterior.
Primeiramente, com a atual crise política e econômica na Venezuela, muitos cidadãos desse país estão procurando refúgio em países vizinhos. Sendo a Bolívia a que mais recebe essas pessoas sendo seguida pelo Brasil. A entrada desses imigrantes para o no Brasil deveria ser incentivada uma vez que o Brasil tem a capacidade de recebê-los e de aproveitar essa mão de obra para o desenvolvimento econômico nacional.
Em contrapartida, a saída do pacto global para a imigração pode prejudicar a relação do Brasil com outros países que recebem emigrantes brasileiros. Pois não sendo uma nação signatária do pacto pode sofrer com políticas mais duras como afirma o sociólogo Thomas Marshall sobre a conquista de direitos dos cidadãos na atual fase da globalização.
Portanto, o Brasil só tem a perder dificultando a imigração e incentivando a xenofobia. Logo para reverter essa situação o país não deve sair do pacto, flexibilizar a entrada de imigrantes e não se comparar com países desenvolvidos como o Reino Unido e a política do Brexit. Só assim poderemos crescer como nação, compartilhando os direitos sociais para todos.",o-brasil-e-os-imigrantes-no-mundo-contemporaneo,[120 120 120 160 120 640],"[140, 140, 120, 100, 140, 640]","response:
GenerateContentResponse(
    done=True,
    iterator=None,
    result=protos.GenerateContentResponse({
      ""candidates"": [
        {
          ""content"": {
            ""parts"": [
              {
                ""text"": ""[140, 140, 120, 100, 140, 640]\n""
              }
            ],
            ""role"": ""model""
          },
          ""finish_reason"": ""STOP"",
          ""avg_logprobs"": -0.0982912048216789
        }
      ],
      ""usage_metadata"": {
        ""prompt_token_count"": 5368,
        ""candidates_token_count"": 31,
        ""total_token_count"": 5399
      }
    }),
)"
5.html,"O Supremo Tribunal Federal discute nesse mês sobre a prisão em 2º instância, questionando se o réu deve ou não ficar preso após a decisão do juiz, validada pelo colegiado de desembargadores do Tribunal de Justiça. É fato, que o réu deve ser mantido preso após condenação em 2º instância, visto que o aguardo em liberdade após o trânsito em julgado reforça a impunidade da justiça brasileira, bem como desvalida a decisão tomada pelo juiz e pelo colegiado de desembargadores do TJ, acumulando processos no STF.
Em primeira análise, cabe ressaltar que se o réu aguarda o julgamento em liberdade, após encerrado todos os recursos, há reforço da impunidade no Brasil. Para Luiza Frischeisen, do Ministério Público Federal tal decisão incentiva à impunidade, visto que há diversos meios para recorrer de acordo com a lei penal. Dessa forma, entende-se a importância de prender os réus em segunda instância, a fim de não estimular a prática de crimes, bem como sua impunidade.
Além disso, cabe frisar também que o aguardo a liberdade em trânsito em julgado, desvalida a decisão tomada pelo juiz e pelo colegiado de desembargadores do TJ, acumulando processos no STF. De acordo com a Folha de S. Paulo, os acordos internacionais sobre os direitos fundamentais apontam que as decisões da 1ª e 2ª instância bastam para garantir o direito do réu em recorrer. Assim, verifica-se que a liberdade em trânsito julgado incha a maquina pública, causando maior lentidão nos processos, podendo esses serem prescritos. 
Levando-se os aspectos apresentados acima, é importante ressaltar que o réu deve ser mantido preso em 2ª instância, uma vez que o aguardo em liberdade após o trânsito em julgado reforça a impunidade da justiça brasileira, bem como desvalida a decisão tomada pelo juiz e pelo colegiado de desembargadores do TJ. Portanto, é necessário que o Ministério Público em parceria com os tribunais de justiça reflitam e pensem a respeito das consequências da soltura dos criminosos em 2º instância no nosso país. ",um-reu-deve-ou-nao-ser-preso-apos-a-condenacao-em-2-instancia,[160 200 120 160  80 720],"[160, 160, 140, 120, 140, 720]","response:
GenerateContentResponse(
    done=True,
    iterator=None,
    result=protos.GenerateContentResponse({
      ""candidates"": [
        {
          ""content"": {
            ""parts"": [
              {
                ""text"": ""[160, 160, 140, 120, 140, 720]\n""
              }
            ],
            ""role"": ""model""
          },
          ""finish_reason"": ""STOP"",
          ""avg_logprobs"": -0.038240082802311066
        }
      ],
      ""usage_metadata"": {
        ""prompt_token_count"": 6614,
        ""candidates_token_count"": 31,
        ""total_token_count"": 6645
      }
    }),
)"
9.html,"O século XX foi marcado por crises humanitárias, guerras de grandes proporções e, consequentemente, pelo elevado número de imigrantes. Atualmente, os fatores que motivaram migrações no passado, como, por exemplo, as perseguições políticas e as crises econômicas, ainda estão presentes no mundo, o que mantém o fluxo migratório constante. É evidente que os problemas dos povos que buscam moradia em outros países aumentam cada vez mais, uma vez que existem países que negam auxílio a essas pessoas.
Em 1948, a Organização das Nações Unidas criou a Declaração Universal dos Direitos Humanos, um dos documentos mais importantes sobre os direitos fundamentais de todos, que se opunha, dentre outros, à tortura e ao desrespeito contra a dignidade da pessoa humana. Apesar da existência de tal documento, muitos países colocam-se contra esses direitos inaliáveis quando optam por não atender, de qualquer maneira, pedidos de abrigo. Seja pela perspectiva nacionalista ou pela aversão ao multiculturalismo, decisões do tipo caracterizam-se como tortura indireta, pois vulnerabilizam ainda mais alguns grupos, expondo-os, por exemplo, à doenças e atos de violência militar.
Tal como outras nações, o presidente do Brasil, Jair Bolsonaro, mostra-se contrario à decisão de aceitar imigrantes no país. Uma decisão contraditória para um país cujo a Constituição Federal prega a construção de uma sociedade solidária.
Portanto, o Governo Federal do Brasil deve continuar a auxiliar imigrantes, visando garantir seus direitos e seguir a Constituição Federal, e integrá-los ao mercado de trabalho para, em uma relação de mutualismo, colaborarem no desenvolvimento da economia.",o-brasil-e-os-imigrantes-no-mundo-contemporaneo,[200 200 160 200 160 920],"[160, 160, 140, 120, 140, 720]","response:
GenerateContentResponse(
    done=True,
    iterator=None,
    result=protos.GenerateContentResponse({
      ""candidates"": [
        {
          ""content"": {
            ""parts"": [
              {
                ""text"": ""[160, 160, 140, 120, 140, 720]\n""
              }
            ],
            ""role"": ""model""
          },
          ""finish_reason"": ""STOP"",
          ""avg_logprobs"": -0.07837938493297945
        }
      ],
      ""usage_metadata"": {
        ""prompt_token_count"": 7893,
        ""candidates_token_count"": 31,
        ""total_token_count"": 7924
      }
    }),
)"
7.html,"É de conhecimento geral que, o Brasil vêm sofrendo uma grave crise na sua economia e os governantes decidiram aumentar os valores de praticamente tudo o que tem no país.
Por conta disso os caminhoneiros no fim de maio resolveram fazer uma paralisação bloqueando qualquer passagem de 24 estados e no Distrito Federal, pedindo pela a diminuição do valor da gasolina, também para abaixarem o custo do pedágio entre um lugar e outro, e diferentes tipos de pedidos.
O governo, nos primeiros dias, tentou rebater e disseram que iriam prender e multar os protestantes, porém não funcionou, eles não desbloquearam nenhuma das rodovias. Com isso causou a falta de diesel, de alimentos, queda nas indústrias e aumento da inflação.
Em consequência, o presidente Michel Temer resolveu fazer um acordo para que esse bloqueio tivesse fim, então marcou uma reunião com alguns representantes dessa greve e assinou um contrato onde dizia que iam diminuir os preços do diesel, assim como das outras coisas que foram pedidas, tendo em vista a isso, eles saíram das passagens e permitiram a entrada dos transportes nas ruas.",o-brasil-paralisado-o-que-voce-pensa-sobre-a-greve-dos-caminhoneiros,[0 0 0 0 0 0],"[120, 100, 100, 80, 100, 500]","response:
GenerateContentResponse(
    done=True,
    iterator=None,
    result=protos.GenerateContentResponse({
      ""candidates"": [
        {
          ""content"": {
            ""parts"": [
              {
                ""text"": ""[120, 100, 100, 80, 100, 500]\n""
              }
            ],
            ""role"": ""model""
          },
          ""finish_reason"": ""STOP"",
          ""avg_logprobs"": -0.003187487026055654
        }
      ],
      ""usage_metadata"": {
        ""prompt_token_count"": 8897,
        ""candidates_token_count"": 30,
        ""total_token_count"": 8927
      }
    }),
)"
17.html,"Eu acredito que os dois são muito importantes e um complementa o outro.O sucesso da Escola deve-se a convivência social, acesso a outras culturas e professores com qualificação e comprometimento.Convivência social: Aprende a conviver com pessoas com características diferentes, credos diferentes e outro tipo de educação, essa convivência faz com que nos tornemos mais tolerantes e menos preconceituosos.Acesso a outras Culturas: Temos muito preconceito com outras culturas pois não conhecemos, mas na escola nos ensinam que não é assim que sempre temos algo a aprender com o outro.Por outro lado o esforço individual nos mostra que é possível alcançar nossos sonhos e metas, através de interesses, curiosidades pessoais e comprometimento.Curiosidades pessoais: Aprender novos idiomas, se especializar em algo que ama fazer.Comprometimento: Definir uma meta e não desistir até alcança-la ",o-sucesso-vem-da-escola-ou-do-esforco-individual,[120  40  80  80   0 320],"[120, 100, 100, 80, 100, 500]","response:
GenerateContentResponse(
    done=True,
    iterator=None,
    result=protos.GenerateContentResponse({
      ""candidates"": [
        {
          ""content"": {
            ""parts"": [
              {
                ""text"": ""[120, 100, 100, 80, 100, 500]\n""
              }
            ],
            ""role"": ""model""
          },
          ""finish_reason"": ""STOP"",
          ""avg_logprobs"": -0.010478237271308899
        }
      ],
      ""usage_metadata"": {
        ""prompt_token_count"": 10233,
        ""candidates_token_count"": 30,
        ""total_token_count"": 10263
      }
    }),
)"
0.html,"A imigração, que sempre fez parte da história e da formação dos povos, tem se tornado um problema de difícil solução. Tanto os países desenvolvidos, como os países em desenvolvimento, como o Brasil, têm encontrado diversos obstáculos na tentativa de normalizar os fluxos migratórios, cada vez mais frequentes e preocupantes.
Muitos são os motivos que levam milhões de pessoas ao redor do mundo a deixar seu país de origem, dentre os quais se destacam as crises econômicas, sociais e políticas, a exemplo da Venezuela, cujo governo nada tem feito para mudar a situação precária em que se encontra o país, tornando o crescente êxodo de seus habitantes insustentável para os países vizinhos.
Em que pese à necessidade de acolher de forma digna e humanitária os imigrantes que buscam melhores condições de vida, o Brasil tem revelado nos últimos meses insuficiência de infraestrutura e de recursos financeiros para garantir segurança e qualidade de vida tanto para os imigrantes, como para os brasileiros que passaram a conviver com essa realidade.
O Brasil deve assegurar a entrada pacífica e digna tantos dos imigrantes venezuelanos, como de quaisquer outros imigrantes que necessitem garantir a sua própria subsistência e de sua família, como forma de respeito e proteção aos direitos humanos. A fim de efetivar esses direitos, no entanto, o país tem pela frente o desafio de distribuir corretamente esses estrangeiros no território nacional e dar a eles a assistência social necessária, a fim de evitar o aumento da desigualdade social e a xenofobia.",o-brasil-e-os-imigrantes-no-mundo-contemporaneo,[200 160 160 200 160 880],"[160, 160, 140, 120, 140, 720]","response:
GenerateContentResponse(
    done=True,
    iterator=None,
    result=protos.GenerateContentResponse({
      ""candidates"": [
        {
          ""content"": {
            ""parts"": [
              {
                ""text"": ""[160, 160, 140, 120, 140, 720]\n""
              }
            ],
            ""role"": ""model""
          },
          ""finish_reason"": ""STOP"",
          ""avg_logprobs"": -0.009856325964773855
        }
      ],
      ""usage_metadata"": {
        ""prompt_token_count"": 11467,
        ""candidates_token_count"": 31,
        ""total_token_count"": 11498
      }
    }),
)"
11.html,"O iluminismo, movimento intelectual que surgiu no século XVIII, fez o ser humano ter uma visão diferenciada de si mesmo, reconhecendo suas habilidades e fraquezas. Este autoconhecimento se fortificou com o passar dos anos, tornando a sociedade mais autoconfiante.
Por conseguinte, nos tempos atuais surge uma nova concepção por parte dos adultos e idosos, quanto aos adolescentes e jovens atuais que são considerados arrogantes e confiantes demais. Diversos motivos são apresentados para a geração mais nova ter obtido tanta confiança em si, como por exemplo o mimo dos pais e as diversas oportunidades que os jovens e adolescentes possuem para ampliar o conhecimento, diferente do que era disponível à geração anterior. Essa forma de se ver melhor do que os outros acaba por gerar problemas aos mais novos, como por exemplo sentir que seus talentos não estão sendo devidamente reconhecidos.
Estudos recentes comprovam que os adolescentes e jovens atuais realmente se sentem melhores do que as pessoas mais velhas, entretanto percebe-se que há um conflito de gerações. É célebre que a tecnologia mais avançada e a maior disponibilidade de universidades e escolas fizeram a geração mais nova obter conhecimentos mais rapidamente. 
Se compararmos em termos intelectuais a população mundial atual, com a de pessoas da idade média, veremos que há uma grande diferença de conhecimento.
É notável a arrogância da geração mais nova, porém é perceptível o descontentamento das pessoas mais velhas em aceitar que os jovens e adolescentes estão aprendendo mais rapidamente.",voce-faz-parte-da-turma-do-eu-me-acho,[160  40  40 120  40 400],"[80, 100, 40, 80, 60, 360]","response:
GenerateContentResponse(
    done=True,
    iterator=None,
    result=protos.GenerateContentResponse({
      ""candidates"": [
        {
          ""content"": {
            ""parts"": [
              {
                ""text"": ""[80, 100, 40, 80, 60, 360]\n""
              }
            ],
            ""role"": ""model""
          },
          ""finish_reason"": ""STOP"",
          ""avg_logprobs"": -0.018962164719899494
        }
      ],
      ""usage_metadata"": {
        ""prompt_token_count"": 1225,
        ""candidates_token_count"": 27,
        ""total_token_count"": 1252
      }
    }),
)"
14.html,"Atualmente, o desemprego atinge grande parte da população, principalmente os jovens, que não possuem a qualificação exigida pelo mercado de trabalho. Com o avanço da tecnologia, a maioria das tarefas são executadas por equipamentos eletrônicos. Assim, os postos de trabalho estão sendo substituídos por máquinas.
As vagas disponíveis exigem qualificação profissional altíssima, qualificação que na maioria das vezes o jovem que acabou de sair do ensino médio não possui. Seja pela falta de oportunidade, seja pela falta de condições financeiras.
Não obstante, em um mundo onde as mudanças estão cada vez mais rápidas, é essencial que a sociedade crie e aceite as novas dinâmicas de trabalho e fomente o desenvolvimento de outras habilidades. 
Um exemplo dessa nova dinâmica de trabalho são os motoristas e entregadores de aplicativo que vem ganhando cada vez mais adeptos e mais força.
Assim, para seguir e manter a empregabilidade é necessário que as empresas em conjunto com a sociedade e o Estado quebrem paradigmas e ampliem opções de trabalho, desenvolvendo novas competências e habilidades.
Nesse sentido, é necessário haver um incentivo por parte tanto do Estado quanto das grandes empresas em ensino, educação de jovens e adultos, desenvolvimento de habilidades, competências, modernização dos postos de trabalho, modernização das legislações trabalhistas a fim de que as vagas de emprego do futuro sejam preenchidas e o desemprego cai significativamente.",qualificacao-e-o-futuro-do-emprego,[120 120 120 120 160 640],"[120, 100, 80, 100, 100, 500]","response:
GenerateContentResponse(
    done=True,
    iterator=None,
    result=protos.GenerateContentResponse({
      ""candidates"": [
        {
          ""content"": {
            ""parts"": [
              {
                ""text"": ""[120, 100, 80, 100, 100, 500]\n""
              }
            ],
            ""role"": ""model""
          },
          ""finish_reason"": ""STOP"",
          ""avg_logprobs"": -0.038845527172088626
        }
      ],
      ""usage_metadata"": {
        ""prompt_token_count"": 1716,
        ""candidates_token_count"": 30,
        ""total_token_count"": 1746
      }
    }),
)"
14.html,"De acordo com a constituição federal todos têm o direito à ampla defesa, no entanto, todos os réus responderem em liberdade até a última instância, não será benéfica à sociedade, ou seja, os infratores ficaram soltos praticando crimes, aumentando o sentimento de insegurança do cidadão.
O direito de responder em liberdade é uma garantia que vem expressa na constituição federal, em um dos artigos determina que nenhuma pessoa será considerada culpada até o trânsito em julgado de sentença penal condenatória, porém, existem casos que a lei prejudica o cidadão e beneficia ao bandido.
Além disso, a sensação é que a impunidade aumenta a cada leis e decretos sancionados, ou seja, a justiça deve beneficiar ao cidadão a não ao bandido, pois, para não ser preso, basta não cometer crimes.
Outro ponto a mencionar é a insegurança que as novas leis poderão trazer as vítimas que foram prejudicadas por tais infratores, isto é, caso eles permanecerem soltos voltarão a cometer crimes à pessoa que o denunciou, acarretando infrações mais sérias.
Diante disso, é importante ressaltar o dever de cumprir as leis impostas leis, porém, o supremo tribunal federal deve priorizar o cidadão, criando súmulas que trazem benefícios à sociedade e não ao bandido, com isso, o país se tornará um lugar justo.",um-reu-deve-ou-nao-ser-preso-apos-a-condenacao-em-2-instancia,[120 120 120 160 160 680],"[100, 100, 60, 80, 80, 420]","response:
GenerateContentResponse(
    done=True,
    iterator=None,
    result=protos.GenerateContentResponse({
      ""candidates"": [
        {
          ""content"": {
            ""parts"": [
              {
                ""text"": ""[100, 100, 60, 80, 80, 420]\n""
              }
            ],
            ""role"": ""model""
          },
          ""finish_reason"": ""STOP"",
          ""avg_logprobs"": -0.02184040205819266
        }
      ],
      ""usage_metadata"": {
        ""prompt_token_count"": 2789,
        ""candidates_token_count"": 28,
        ""total_token_count"": 2817
      }
    }),
)"
14.html,"Atualmente, o desemprego atinge grande parte da população, principalmente os jovens, que não possuem a qualificação exigida pelo mercado de trabalho. Com o avanço da tecnologia, a maioria das tarefas são executadas por equipamentos eletrônicos. Assim, os postos de trabalho estão sendo substituídos por máquinas.
As vagas disponíveis exigem qualificação profissional altíssima, qualificação que na maioria das vezes o jovem que acabou de sair do ensino médio não possui. Seja pela falta de oportunidade, seja pela falta de condições financeiras.
Não obstante, em um mundo onde as mudanças estão cada vez mais rápidas, é essencial que a sociedade crie e aceite as novas dinâmicas de trabalho e fomente o desenvolvimento de outras habilidades. 
Um exemplo dessa nova dinâmica de trabalho são os motoristas e entregadores de aplicativo que vem ganhando cada vez mais adeptos e mais força.
Assim, para seguir e manter a empregabilidade é necessário que as empresas em conjunto com a sociedade e o Estado quebrem paradigmas e ampliem opções de trabalho, desenvolvendo novas competências e habilidades.
Nesse sentido, é necessário haver um incentivo por parte tanto do Estado quanto das grandes empresas em ensino, educação de jovens e adultos, desenvolvimento de habilidades, competências, modernização dos postos de trabalho, modernização das legislações trabalhistas a fim de que as vagas de emprego do futuro sejam preenchidas e o desemprego cai significativamente.",qualificacao-e-o-futuro-do-emprego,[160 120 120 160 120 680],"[120, 100, 80, 100, 100, 500]","response:
GenerateContentResponse(
    done=True,
    iterator=None,
    result=protos.GenerateContentResponse({
      ""candidates"": [
        {
          ""content"": {
            ""parts"": [
              {
                ""text"": ""[120, 100, 80, 100, 100, 500]\n""
              }
            ],
            ""role"": ""model""
          },
          ""finish_reason"": ""STOP"",
          ""avg_logprobs"": -0.0035735242068767547
        }
      ],
      ""usage_metadata"": {
        ""prompt_token_count"": 3281,
        ""candidates_token_count"": 30,
        ""total_token_count"": 3311
      }
    }),
)"
8.html,"Hoje dependemos igualmente da qualidade de ensino e do esforço individual do aluno, pois o sucesso só é conquistado deste modo.Nos dias de hoje com inúmeros casos de alunos de baixa renda, ou alunos sem apoio familiar conseguirem o tão sonhado emprego, fica claramente explícito que com determinação e esforço o sucesso é possível.Entretanto, para o sucesso ser mais facilmente alcançado a escola tem um importante papel, a escola tem como prioridade aperfeiçoar a capacidade do aluno.Logo, com boa qualidade de ensino e grande desempenho do aluno o sucesso é facilmente alcançado.",o-sucesso-vem-da-escola-ou-do-esforco-individual,[120 120 120  80  80 520],"[100, 100, 60, 80, 60, 400]","response:
GenerateContentResponse(
    done=True,
    iterator=None,
    result=protos.GenerateContentResponse({
      ""candidates"": [
        {
          ""content"": {
            ""parts"": [
              {
                ""text"": ""[100, 100, 60, 80, 60, 400]\n""
              }
            ],
            ""role"": ""model""
          },
          ""finish_reason"": ""STOP"",
          ""avg_logprobs"": -0.055233699934823174
        }
      ],
      ""usage_metadata"": {
        ""prompt_token_count"": 4548,
        ""candidates_token_count"": 28,
        ""total_token_count"": 4576
      }
    }),
)"
2.html,"Muito se discute o crescimento desenfreado do desemprego no Brasil, decorrência do aumento da força de trabalho e a preocupante substituição do serviço humano por máquinas.
Registros apontam que o crescimento populacional afeta na criação de empregos para os recém chegados ao mercado de trabalho, fazendo com que essas pessoas procurem uma maneira mais fácil de ganhar na vida, buscando suprir suas necessidades no crime.
Ademais, a procura por emprego se torna ainda mais difícil por conta da crescente substituição do trabalho humano por máquinas e inovações tecnológicas. Futuramente as vagas só surgirão para quem tem uma alta qualificação, gerando um grande número de trabalhadores incapazes.
Tendo em vista os argumentos apresentados, fica claro que essa situação não evidência uma solução de curto prazo. Cabe às instituições de ensino investir, de fato, em uma boa formação, inserindo pessoas qualificadas ao mercado de trabalho. E por fim, cabe à sociedade dar as mesmas oportunidades para todos e cuidar para que esse erro não se repita no futuro.",qualificacao-e-o-futuro-do-emprego,[ 80  80  80  80  80 400],"[100, 80, 60, 80, 80, 400]","response:
GenerateContentResponse(
    done=True,
    iterator=None,
    result=protos.GenerateContentResponse({
      ""candidates"": [
        {
          ""content"": {
            ""parts"": [
              {
                ""text"": ""[100, 80, 60, 80, 80, 400]\n""
              }
            ],
            ""role"": ""model""
          },
          ""finish_reason"": ""STOP"",
          ""avg_logprobs"": -0.02245814049685443
        }
      ],
      ""usage_metadata"": {
        ""prompt_token_count"": 4955,
        ""candidates_token_count"": 27,
        ""total_token_count"": 4982
      }
    }),
)"
8.html,"Torna-se notável o aumento de imigrantes venezuelanos no Brasil nos últimos anos. Fato que fomenta diversas discussões e gera posicionamentos de políticos e pessoas influentes, visto que haja aqueles que colocam-se contra e outros a favor acerca do assunto.
O Brasil, como país integrante da Organização das Nações Unidas (ONU) concorda e executa, ou pelo menos deveria executar planos de ações humanitárias e zelas e defender os Direitos Humanos estabelecidos por acordos globais entre países. Entretanto, muitos brasileiros, inclusive influências nacionais, repudiam a entrada de estrangeiros em nosso país e alegam a facilidade de terrorismos ou pela dificuldade econômica de abrigar cada vez mais imigrantes e, de alguma forma, desfavorecer os que daqui são de origem. Fatores como esses são geradores de xenofobia, tanto no Brasil quanto em outros países, transformando-se em um problema global e que afeta centenas de milhares de pessoas.
Em contradição, há aquelas pessoas que dão moradia, refeições e oportunidades de trabalho assalariado. Pessoas essas que que se solidarizam e percebem em cada imigrante a dor de deixar seu país casa em busca de uma melhor condição de vida. As mesmas pessoas que acreditam em um país e um mundo melhor e que, para isso, é preciso abrir mão do pouco que se tem para ajudar quem nada tem.
Diante dessa divergência de opiniões que vêm ocasionando conflitos no mundo contemporâneo, é dever do Governo e, consequentemente, da administração de cada país que decidam, da maneira mais justa possível, analisando os prós e contras das situações, se o país aceitará a entrada de imigrantes ou não. Se sim, criando leis e órgãos que prezem pela boa condição do imigrante e certifique-se que o mesmo respeite e tenha um convívio agradável com aquela nação, com fiscalização constante e controle de entradas. Assim, será evitado diversos problemas que estão ocorrendo em razão da imigração, os imigrantes poderão viver suas vidas passivamente e o país desenvolver-se normalmente.",o-brasil-e-os-imigrantes-no-mundo-contemporaneo,[160 160 160 160 120 760],"[120, 120, 100, 100, 100, 540]","response:
GenerateContentResponse(
    done=True,
    iterator=None,
    result=protos.GenerateContentResponse({
      ""candidates"": [
        {
          ""content"": {
            ""parts"": [
              {
                ""text"": ""[120, 120, 100, 100, 100, 540]\n""
              }
            ],
            ""role"": ""model""
          },
          ""finish_reason"": ""STOP"",
          ""avg_logprobs"": -0.007079543605927498
        }
      ],
      ""usage_metadata"": {
        ""prompt_token_count"": 6313,
        ""candidates_token_count"": 31,
        ""total_token_count"": 6344
      }
    }),
)"
2.html,"Nos últimos anos a mídia mostrou uma mudança no cenário mundial alarmante, milhares de pessoas pessoas, em todas as partes do mundo fugindo dos seus países para procurar uma vida um pouco melhor e mais segura em outros países.
Essa situação sempre ocorreu, sempre ouvimos falar aqui na América dos imigrantes que tentam entrar nos Estados Unidos pela fronteira com o México, mais aqui tomamos conhecimento da onda de imigração do Oriente principalmente para países da Europa, pelo desespero com que essas pessoas tentam buscar uma oportunidade se arriscando, sempre se é noticiado os mortos nessas tentativas, inclusive não se pode esquecer da foto daquela criança morta na praia que se tornou um símbolo triste dessa situação.
Esse novo panorama também tem afetado a América, o Brasil também tem sido alvo de um fluxo grande de imigrantes entrando ilegalmente, alguns países da América tem sofrido com grandes crises, guerras civis, catástrofes naturas, com isso a imigração se tornou um problema com difícil solução, temos por exemplo o caso dos haitianos que entraram no país pelo Acre de forma ilegal, deixando o Estado numa situação caótica, pois não tinha estrutura para receber esses imigrantes. Também temos o casos dos venezuelanos que estão vindo para o Brasil fugindo da crises no seu país.
O Brasil e conhecido como pacifico, não temos guerras civis, pelo menos não declaradas abertamente, somos um país hospitaleiro, mais o fato e que não temos estrutura para receber tantas pessoas, temos graves problemas internos: corrupção, violência, saúde precária, educação deficiente, falta de empregos, serviços básicos que estão em colapso e que não conseguem atender nem nossa população, quanto mais ajudar e atender as necessidades dessas pessoas.
O Brasil tem que colaborar de alguma forma para ajudar essas pessoas, diplomaticamente, ou até mesmo financeiramente, apesar da crise na nossa economia, mais não adianta bancar o generoso se não consegue resolver primeiro os problemas internos mais graves.",o-brasil-e-os-imigrantes-no-mundo-contemporaneo,[120 160 120 120  40 560],"[140, 120, 100, 100, 100, 560]","response:
GenerateContentResponse(
    done=True,
    iterator=None,
    result=protos.GenerateContentResponse({
      ""candidates"": [
        {
          ""content"": {
            ""parts"": [
              {
                ""text"": ""[140, 120, 100, 100, 100, 560]\n""
              }
            ],
            ""role"": ""model""
          },
          ""finish_reason"": ""STOP"",
          ""avg_logprobs"": -0.007564475459437217
        }
      ],
      ""usage_metadata"": {
        ""prompt_token_count"": 7639,
        ""candidates_token_count"": 31,
        ""total_token_count"": 7670
      }
    }),
)"
18.html,"O assunto de imigração ilegal é bastante delicado afinal não se pode ver apenas um lado, obviamente os governantes pensam sempre no melhor para o futuro do seu próprio país por isso muitos governantes optam por não facilitar esse processo de imigração.
Entretanto não podemos não esquecer das pessoas afinal elas não estão ali em condições precárias querendo fugir do seu país de origem apenas por não gostar, muitas daquelas pessoas estão ali tentando sobrevier algo que talvez para elas seja impossível fazer no seu próprio país, ajudar ou facilitar a entrada dessas pessoas pode ser uma boa iniciativa que consequentemente pode gerar lucro para o país e ajudar em diversos outros aspectos então dificultar a vinda dessas pessoas pode ser considerado uma falta de consideração afinal como foi dito no texto acima “o Brasil foi formado por imigrantes”, se eles ajudaram o Brasil a evoluir por que não ajudá-los agora? Essas pessoas apenas precisam de ajuda, elas apenas querem se reestabelecer, elas querem ter uma chance de poder viver de verdade uma chance de sobreviver e negar isso a elas é desumano.
Sabemos que pode ser um perigo para os nativos locais e é isso que os governantes pensam mas não podemos deixá-los esquecer de que eles podem ocasionar coisas boas porém acima de tudo que no futuro eles podem nos ocasionar, eles são seres vivos, eles são gente como a gente e se o seu próprio país o esqueceu e o fez sofrer não podemos abandoná-los também.",o-brasil-e-os-imigrantes-no-mundo-contemporaneo,[120 120 120 120  80 560],"[120, 100, 80, 80, 80, 460]","response:
GenerateContentResponse(
    done=True,
    iterator=None,
    result=protos.GenerateContentResponse({
      ""candidates"": [
        {
          ""content"": {
            ""parts"": [
              {
                ""text"": ""[120, 100, 80, 80, 80, 460]\n""
              }
            ],
            ""role"": ""model""
          },
          ""finish_reason"": ""STOP"",
          ""avg_logprobs"": -0.05932156954492841
        }
      ],
      ""usage_metadata"": {
        ""prompt_token_count"": 8863,
        ""candidates_token_count"": 28,
        ""total_token_count"": 8891
      }
    }),
)"
8.html,"A Constituição Federal de 1988, em seu artigo 5, é clara ao determinar que, salvo nas hipóteses de prisões cautelares, ninguém será preso até o trânsito em julgado da sentença penal condenatória, ou seja, até que não caibam mais recursos. Apesar da previsão legal, o Supremo Tribunal Federal (STF) fez um ""malabarismo interpretativo"" ao julgar legítima a prisão do réu em segunda instância.
Nesse contexto, a Corte Suprema, quando julgou o tema, se afastou de sua função precípua que é aplicar a lei, tendo em vista que a competência para elaborá-las é do Poder Legislativo. Sem dúvida, o STF, ao passo que ignorou a interpretação literal e lógica da Constituição, se comportou como um rei absolutista que cria e aplica as normas ao seu próprio alvedrio.
Ademais, erroneamente, argumenta-se que a prisão após segunda instância é necessária, uma vez que o julgamento completo de uma ação penal, com o esgotamento de todos os recursos, é muito demorado e, assim, o réu permanece em liberdade durante todo o processo, de modo a fortificar o sentimento de impunidade perante a sociedade. Contudo, é importante dizer que não é razoável que alguém seja antecipadamente punido por pura ineficiência do Poder Judiciário em dar celeridade às suas demandas. Ora, se há morosidade, isso deve ser solucionado de uma forma que não aniquile o princípio da presunção de inocência!
Portanto, tal medida validada pelo STF é um atentado contra a ordem constitucional. Por conta disso, para sanar tal controvérsia, deverá o Poder Legislativo aprovar lei que detalhe claramente a vedação à prisão em segunda instância, sob pena de violação a um caro direito fundamental.",um-reu-deve-ou-nao-ser-preso-apos-a-condenacao-em-2-instancia,[200 120 160 200 160 840],"[160, 140, 120, 140, 140, 700]","response:
GenerateContentResponse(
    done=True,
    iterator=None,
    result=protos.GenerateContentResponse({
      ""candidates"": [
        {
          ""content"": {
            ""parts"": [
              {
                ""text"": ""[160, 140, 120, 140, 140, 700]\n""
              }
            ],
            ""role"": ""model""
          },
          ""finish_reason"": ""STOP"",
          ""avg_logprobs"": -0.000657713100794823
        }
      ],
      ""usage_metadata"": {
        ""prompt_token_count"": 10042,
        ""candidates_token_count"": 31,
        ""total_token_count"": 10073
      }
    }),
)"
16.html,"É rotineira e comovente as cenas de imigrantes nas ruas do Brasil, sentados em frete de estabelecimentos comerciais com seus filhos menores pedindo esmola ou um prato de comida. No passado histórico, o Brasil teve alguns de seus Estados e Municípios colonizados e povoados por imigrantes, os quais promoveram na época benefícios para o nosso País : econômicos, territoriais e culturais. Seria o momento de o Brasil valorizar e solidarizar-se com os imigrantes?
Atualmente a imigração tem sido sinônimo de ameaça e até mesmo de “ciúme”, pois a maioria dos brasileiros pensa da seguinte maneira: Por que compartilhar ou doar ao estrangeiro algo que apenas deve ser dos brasileiros, como, o direto á moradia, saude e emprego. 
Entretanto os imigrantes não estão querendo usurpar o que não é seu, nem de impor sua cultura, nem de ter supremacia diante do governo brasileiro ou fazer ameaças. Apenas clamam por ajuda, solidariedade e humanização, seja do Brasil e também do mundo. Porque encontram-se em situações de extrema vulnerabilidade e miséria, contando apenas com a cooperação dos Países ricos ou daqueles que possam contribuir de alguma forma.
O Brasil apesar de ser um País em processo de desenvolvimento estabelece a diplomacia dos acordos internacionais e é atuante nas causas dos direitos humanos poderá ajudar os imigrantes nesta situação de crise e calamidade a qual constantemente os países vêm sendo afetado.
Pois, o nosso País é provido de programas, leis e recursos financeiros destinados as ações sociais desta conjuntura, tais como: centro para atender pessoas em situações de ruas, que dão acolhimentos e tratamento para essa comunidade, além do apoio de instituições filantrópicas ou associações que possuem finalidade humanitária que poderão corroborar as ajudas. Todavia é necessário frisar que não será feita a substituição do brasileiro pelo estrangeiro, mas agregá-lo, dando um suporte nesta fase difícil que o seu país de origem está passando. Estabelecendo normas que possam ordenar e regular está estadia.",o-brasil-e-os-imigrantes-no-mundo-contemporaneo,[120 200 160 160 120 760],"[120, 100, 80, 100, 60, 460]","response:
GenerateContentResponse(
    done=True,
    iterator=None,
    result=protos.GenerateContentResponse({
      ""candidates"": [
        {
          ""content"": {
            ""parts"": [
              {
                ""text"": ""[120, 100, 80, 100, 60, 460]\n""
              }
            ],
            ""role"": ""model""
          },
          ""finish_reason"": ""STOP"",
          ""avg_logprobs"": -0.07500350064244764
        }
      ],
      ""usage_metadata"": {
        ""prompt_token_count"": 1318,
        ""candidates_token_count"": 29,
        ""total_token_count"": 1347
      }
    }),
)"
10.html,"Comenta-se que o ex presidente Lula no ano de 2016, após a decisão do Supremo Tribunal da Justiça foi condenado a segunda instância e foi diante a sua acusação do lava jato. Ainda mais que vários réus infratores de penalidade graves devem manter na prisão.
Em primeiro lugar 726 mil presos, no Brasil tem terceira maior população carcerária do mundo, isto é a gravidade de lotações no qual muitas vezes não possuem infraestrutura adequada para receber os condenados.
Além disso o desembargador após analisar a sentença, em seguida quando manter o detido, tornando a cadeia uma escola do crime isso é dificulta o processo de ressocialização dos criminosos.
Por fim conforme o livro A politica de Aristósteles acredita que a democracia e ética do ser humano e a felicidade do ser além disso quando aflige a lei da justiça deve cumprir sobre os seu atos.
Mediante a sintaxe, o Ministério Público Federal deve implantar apoio com o governo Jair Bolsonaro apoio à prisão em segunda instância julgar se condenados devem cumprir pena na prisão ou podem aguardar em liberdade enquanto recorrem aos tribunais superiores assim sendo horas depois o julgamento.",um-reu-deve-ou-nao-ser-preso-apos-a-condenacao-em-2-instancia,[ 80  80  80 120  80 440],"[80, 60, 40, 80, 40, 300]","response:
GenerateContentResponse(
    done=True,
    iterator=None,
    result=protos.GenerateContentResponse({
      ""candidates"": [
        {
          ""content"": {
            ""parts"": [
              {
                ""text"": ""[80, 60, 40, 80, 40, 300]\n""
              }
            ],
            ""role"": ""model""
          },
          ""finish_reason"": ""STOP"",
          ""avg_logprobs"": -0.030123245257597703
        }
      ],
      ""usage_metadata"": {
        ""prompt_token_count"": 2348,
        ""candidates_token_count"": 26,
        ""total_token_count"": 2374
      }
    }),
)"
19.html,"Representantes do CFP (Conselho Federal de Psicologia) estão discutindo recentemente sobre a terapia da orientação sexual, algo sem fundamento. 
Fatos comprovam que o Brasil é um dos países mais violentos contra gays, lésbicas, e transexuais do mundo, mas isso não é motivo para que tenha como obrigatoriedade curar as pessoas que sejam assim. 
Ouve-se muito comentários maldosos discriminando essas pessoas. Mas já pararam para pensar que todos tem têm seu direito de ser o que quiserem ser? Pessoas com um pensamento muito fechado, que não se abrem para entender o que os outros tem têm de diferente e que também são normais apoiam com certeza a ""cura gay"".
Seria mais fácil se todos pudessem escolher o que ser sem se preocupar com o que os outros julgam. Ao invés de criar propostas de terapia de orientação sexual o CFP podia realizar métodos de igualdade que cumprissem tudo conforme os gostos e modos de cada. ",a-terapia-de-reversao-da-orientacao-sexual,[160 120 120 120  80 600],"[100, 80, 60, 100, 60, 400]","response:
GenerateContentResponse(
    done=True,
    iterator=None,
    result=protos.GenerateContentResponse({
      ""candidates"": [
        {
          ""content"": {
            ""parts"": [
              {
                ""text"": ""[100, 80, 60, 100, 60, 400]\n""
              }
            ],
            ""role"": ""model""
          },
          ""finish_reason"": ""STOP"",
          ""avg_logprobs"": -0.027033952730042592
        }
      ],
      ""usage_metadata"": {
        ""prompt_token_count"": 3549,
        ""candidates_token_count"": 28,
        ""total_token_count"": 3577
      }
    }),
)"
18.html,"Promulgada pela ONU em 1948, a Declaração Universal dos Direitos Humanos garante a todos os indivíduos o direito ao trabalho e ao bem-estar social. Conquanto, a o nível de qualificação profissional exigido atualmente impossibilita que essa essa parcela da população desfrute desse direito universal na prática. Nesse sentido, convém analisarmos as principais consequências de tal postura negligente para nossa sociedade.
A educação é o fator principal no desenvolvimento de um país. No entanto, apesar de ocupar a nona posição na economia mundial, o Brasil possui um sistema de ensino público ineficiente, e o resultado desse contraste é claramente refletido na falta de qualificação profissional do povo brasileiro. De acordo com o IBGE (Instituto Brasileiro de Geografia e Estatística), 41,3% dos trabalhadores brasileiros são informais. Diante do exposto, fica evidente a exclusão social vivenciada pelos profissionais com baixa qualificação, visto que a seleção de perfis será mais criteriosa e baseada no conhecimento técnico, aumentando assim a concorrência no mercado de trabalho.
Faz-se mister, ainda salientar a necessidade de promover melhorias no sistema de educação inclusiva do país. Nesse âmbito, as transformações no mercado de trabalho vem ocorrendo com mais velocidade graças ao rápido desenvolvimento tecnológico e científico. Logo, o profissional do futuro terá que aperfeiçoar seus conhecimentos, assim como saber manejar as novas tecnologias.
Portanto, indubitavelmente, medidas são necessárias para resolver esse problema. O MEC deve investir em cursos profissionalizantes para pessoas desempregadas com o objetivo de auxiliar na inserção dessas no mercado de trabalho. Já o Ministério do Trabalho em parceria com as empresas deve fazer atualizações nós cursos já existentes de seus trabalhadores com o intuito de manter-los modernizados e presentes na utilização de novas tecnologias. Pois só assim como dizia Nelson Mandela: ""a educação é a maior arma que se pode usar para mudar o mundo"".",qualificacao-e-o-futuro-do-emprego,[160 200 120 160 160 800],"[160, 120, 100, 140, 120, 640]","response:
GenerateContentResponse(
    done=True,
    iterator=None,
    result=protos.GenerateContentResponse({
      ""candidates"": [
        {
          ""content"": {
            ""parts"": [
              {
                ""text"": ""[160, 120, 100, 140, 120, 640]\n""
              }
            ],
            ""role"": ""model""
          },
          ""finish_reason"": ""STOP"",
          ""avg_logprobs"": -0.008333409986188334
        }
      ],
      ""usage_metadata"": {
        ""prompt_token_count"": 4143,
        ""candidates_token_count"": 31,
        ""total_token_count"": 4174
      }
    }),
)"
2.html,"Nos últimos anos a mídia mostrou uma mudança no cenário mundial alarmante, milhares de pessoas pessoas, em todas as partes do mundo fugindo dos seus países para procurar uma vida um pouco melhor e mais segura em outros países.
Essa situação sempre ocorreu, sempre ouvimos falar aqui na América dos imigrantes que tentam entrar nos Estados Unidos pela fronteira com o México, mais aqui tomamos conhecimento da onda de imigração do Oriente principalmente para países da Europa, pelo desespero com que essas pessoas tentam buscar uma oportunidade se arriscando, sempre se é noticiado os mortos nessas tentativas, inclusive não se pode esquecer da foto daquela criança morta na praia que se tornou um símbolo triste dessa situação.
Esse novo panorama também tem afetado a América, o Brasil também tem sido alvo de um fluxo grande de imigrantes entrando ilegalmente, alguns países da América tem sofrido com grandes crises, guerras civis, catástrofes naturas, com isso a imigração se tornou um problema com difícil solução, temos por exemplo o caso dos haitianos que entraram no país pelo Acre de forma ilegal, deixando o Estado numa situação caótica, pois não tinha estrutura para receber esses imigrantes. Também temos o casos dos venezuelanos que estão vindo para o Brasil fugindo da crises no seu país.
O Brasil e conhecido como pacifico, não temos guerras civis, pelo menos não declaradas abertamente, somos um país hospitaleiro, mais o fato e que não temos estrutura para receber tantas pessoas, temos graves problemas internos: corrupção, violência, saúde precária, educação deficiente, falta de empregos, serviços básicos que estão em colapso e que não conseguem atender nem nossa população, quanto mais ajudar e atender as necessidades dessas pessoas.
O Brasil tem que colaborar de alguma forma para ajudar essas pessoas, diplomaticamente, ou até mesmo financeiramente, apesar da crise na nossa economia, mais não adianta bancar o generoso se não consegue resolver primeiro os problemas internos mais graves.",o-brasil-e-os-imigrantes-no-mundo-contemporaneo,[120 120 160 160 120 680],"[140, 120, 100, 120, 100, 580]","response:
GenerateContentResponse(
    done=True,
    iterator=None,
    result=protos.GenerateContentResponse({
      ""candidates"": [
        {
          ""content"": {
            ""parts"": [
              {
                ""text"": ""[140, 120, 100, 120, 100, 580]\n""
              }
            ],
            ""role"": ""model""
          },
          ""finish_reason"": ""STOP"",
          ""avg_logprobs"": -0.0434976008630568
        }
      ],
      ""usage_metadata"": {
        ""prompt_token_count"": 5469,
        ""candidates_token_count"": 31,
        ""total_token_count"": 5500
      }
    }),
)"
17.html,"O Brasil tem vivido nos últimos meses uma discussão a respeito da prisão ou não de réus condenados em 2ª instância. A decisão, que será proferida pelo Supremo Tribunal Federal pode mudar o curso da legislação criminal do país. As opiniões são divididas, porém, temos que definir o que é melhor para a sociedade visando à segurança e o bem comum.
Por um lado, há a defesa da liberdade até o trânsito em julgado, como dita a nossa Constituição de 1988. Isso dá o direito ao réu de esgotar todas as possibilidades de recursos pelo contraditório e pela ampla defesa. Devemos nos colocar na situação de um réu, que se julga inocente, e que buscará provas para garantir sua liberdade. Não seria justo que o mesmo permanecesse preso sabendo que não cometeu o crime. Estaríamos privando um inocente de sua liberdade e contradizendo os princípios da Constituição Federal. Acredito que a condenação de forma errônea em 2ª instância pode até ocorrer por falhas da justiça, mas, em casos raríssimos que não representam a maioria. A condenação é feita por pessoas com elevado conhecimento de direito e que usam de provas concretas para tal.
Por outro lado, como já houve a condenação em 2ª instância, tem-se a prova de que houve sim um crime e a pessoa precisa pagar por ele. Entendo que o julgamento pela condenação em 2ª instância já esgotou as possibilidades de inocência e a entrada de recursos seria uma mera tentativa de reduzir ou minimizar a pena. Se houve uma condenação, esta pessoa representa um risco para a sociedade, podendo cometer mais crimes e tentar fraudar informações para garantir sua inocência. E ainda, se tivermos um sistema judiciário sério e eficiente, como poderíamos condenar numa instância e inocentar em outra?
A não prisão em 2ª instância requer mais tempo de recursos para o réu e consequente maior morosidade nas decisões da justiça. Esta morosidade pode acarretar danos à sociedade como aumento de crimes, fraudes e tentativas de escapar da justiça.
Por fim, a condenação em 2ª instância em minha opinião é suficiente para a prisão do réu. Cabe ao Supremo Tribunal Federal decidir o que melhor atende ao interesse público e seja mais eficiente e eficaz para o combate aos crimes e à constante luta por um país melhor.",um-reu-deve-ou-nao-ser-preso-apos-a-condenacao-em-2-instancia,[160 120 160 160  40 640],"[180, 160, 140, 160, 140, 780]","response:
GenerateContentResponse(
    done=True,
    iterator=None,
    result=protos.GenerateContentResponse({
      ""candidates"": [
        {
          ""content"": {
            ""parts"": [
              {
                ""text"": ""[180, 160, 140, 160, 140, 780]\n""
              }
            ],
            ""role"": ""model""
          },
          ""finish_reason"": ""STOP"",
          ""avg_logprobs"": -0.033843863394952586
        }
      ],
      ""usage_metadata"": {
        ""prompt_token_count"": 6761,
        ""candidates_token_count"": 31,
        ""total_token_count"": 6792
      }
    }),
)"
16.html,"É rotineira e comovente as cenas de imigrantes nas ruas do Brasil, sentados em frete de estabelecimentos comerciais com seus filhos menores pedindo esmola ou um prato de comida. No passado histórico, o Brasil teve alguns de seus Estados e Municípios colonizados e povoados por imigrantes, os quais promoveram na época benefícios para o nosso País : econômicos, territoriais e culturais. Seria o momento de o Brasil valorizar e solidarizar-se com os imigrantes?
Atualmente a imigração tem sido sinônimo de ameaça e até mesmo de “ciúme”, pois a maioria dos brasileiros pensa da seguinte maneira: Por que compartilhar ou doar ao estrangeiro algo que apenas deve ser dos brasileiros, como, o direto á moradia, saude e emprego. 
Entretanto os imigrantes não estão querendo usurpar o que não é seu, nem de impor sua cultura, nem de ter supremacia diante do governo brasileiro ou fazer ameaças. Apenas clamam por ajuda, solidariedade e humanização, seja do Brasil e também do mundo. Porque encontram-se em situações de extrema vulnerabilidade e miséria, contando apenas com a cooperação dos Países ricos ou daqueles que possam contribuir de alguma forma.
O Brasil apesar de ser um País em processo de desenvolvimento estabelece a diplomacia dos acordos internacionais e é atuante nas causas dos direitos humanos poderá ajudar os imigrantes nesta situação de crise e calamidade a qual constantemente os países vêm sendo afetado.
Pois, o nosso País é provido de programas, leis e recursos financeiros destinados as ações sociais desta conjuntura, tais como: centro para atender pessoas em situações de ruas, que dão acolhimentos e tratamento para essa comunidade, além do apoio de instituições filantrópicas ou associações que possuem finalidade humanitária que poderão corroborar as ajudas. Todavia é necessário frisar que não será feita a substituição do brasileiro pelo estrangeiro, mas agregá-lo, dando um suporte nesta fase difícil que o seu país de origem está passando. Estabelecendo normas que possam ordenar e regular está estadia.",o-brasil-e-os-imigrantes-no-mundo-contemporaneo,[120 120  80  80  80 480],"[120, 100, 80, 100, 60, 460]","response:
GenerateContentResponse(
    done=True,
    iterator=None,
    result=protos.GenerateContentResponse({
      ""candidates"": [
        {
          ""content"": {
            ""parts"": [
              {
                ""text"": ""[120, 100, 80, 100, 60, 460]\n""
              }
            ],
            ""role"": ""model""
          },
          ""finish_reason"": ""STOP"",
          ""avg_logprobs"": -0.00024141128785137473
        }
      ],
      ""usage_metadata"": {
        ""prompt_token_count"": 8111,
        ""candidates_token_count"": 29,
        ""total_token_count"": 8140
      }
    }),
)"
11.html,"A Lei Fleury ficou conhecida como a lei criada com o objetivo de proteger o delegado Sérgio Fleury de ser preso durante o regime da ditadura militar no Brasil. Atualmente, é possível dizer que o caso, de certa forma, está se repetindo, tendo em vista a recente decisão do Supremo Tribunal Federal (STF) em considerar inconstitucional a prisão de pessoas durante processos julgados até a segunda instância.
Nesse contexto, vale citar o caso do ex-presidente do país, Luiz Inácio Lula da Silva, que foi um dos beneficiados pela decisão do STF, cuja libertação provocou repercussão nacional e até internacional. Eis que, de um lado, o favorecimento dos presos, de outro a sensação de impunidade por parte do povo brasileiro.
Partindo do pressuposto de que o ato de condenação é resultado de um estudo aprofundado dos casos pautados por provas, nada mais plausível do que a prisão do condenado, independentemente da instância julgadora. Aguardar o trânsito em julgado de um processo em um país como o Brasil que dispõe de excessivos recursos, principalmente na esfera criminal, significa andar em direção contrária ao desenvolvimento nacional, assim como se configura como um desrespeito à população brasileira.",um-reu-deve-ou-nao-ser-preso-apos-a-condenacao-em-2-instancia,[120 120 120 120   0 480],"[100, 80, 60, 80, 60, 380]","response:
GenerateContentResponse(
    done=True,
    iterator=None,
    result=protos.GenerateContentResponse({
      ""candidates"": [
        {
          ""content"": {
            ""parts"": [
              {
                ""text"": ""[100, 80, 60, 80, 60, 380]\n""
              }
            ],
            ""role"": ""model""
          },
          ""finish_reason"": ""STOP"",
          ""avg_logprobs"": -0.09035415119594997
        }
      ],
      ""usage_metadata"": {
        ""prompt_token_count"": 9149,
        ""candidates_token_count"": 27,
        ""total_token_count"": 9176
      }
    }),
)"
19.html,"O escritor brasileiro, Milton Nascimento em sua música “Sonho Imigrante”, expressa o sentimento de saudade e anseio de retorno à pátria amada. Em decorrência da grave crise política, econômica e social que assusta países em todo o mundo, milhares de pessoas recorrem ao Brasil como refugio em meio ao caos que vivem.
Em primeira análise, é importante ressaltar sobre a crise que assola a Venezuela, o que fez com que muitos vissem o Brasil como uma grande porta de recomeço. Segundo dados do Governo Brasileiro, foram emitidas aproximadamente cinco mil carteiras de trabalho dos imigrantes Venezuelanos, o que faz com que trabalhadores que exercem serviços de baixa escolaridade, se sintam ameaçados com a nova concorrência. Outrossim mesmo que a sociedade civil se sinta ameaçada, o Governo Brasileiro não pode omitir ajuda aos estrangeiros, pois a Constituição brasileira prevê igualdade entre nacionais e estrangeiros. 
Alem do mais, ressalte-se que o Brasil também vive uma crise econômica, com universidades, escolas e hospitais em estado de calamidade. Com a crescente onda de imigrações as autoridades deverão aumentar o repasse de recursos aos municípios, a fim de atender as necessidades básicas dos moradores, sejam eles nacionais ou estrangeiros.
Fica clara, portanto a necessidade de ações por parte do Ministério da Justiça juntamente como Departamento de Migrações (DEMIG), como a solução dos “Campos fechados” uma proposta feita pela França e Espanha. É de extrema importância que o Ministério da Saúde intensifique campanhas de vacinação, para que doenças já erradicadas não se tornem novamente um alarde á saúde pública.",o-brasil-e-os-imigrantes-no-mundo-contemporaneo,[160 120  80 120  80 560],"[140, 120, 100, 120, 80, 560]","response:
GenerateContentResponse(
    done=True,
    iterator=None,
    result=protos.GenerateContentResponse({
      ""candidates"": [
        {
          ""content"": {
            ""parts"": [
              {
                ""text"": ""[140, 120, 100, 120, 80, 560]\n""
              }
            ],
            ""role"": ""model""
          },
          ""finish_reason"": ""STOP"",
          ""avg_logprobs"": -0.000805191012720267
        }
      ],
      ""usage_metadata"": {
        ""prompt_token_count"": 10409,
        ""candidates_token_count"": 30,
        ""total_token_count"": 10439
      }
    }),
)"
3.html,"É necessário observar o atual cenário brasileiro: população desgastada com altos impostos, com a falta de segurança e a beira de uma guerra civil. Em meio a uma crise, outros assuntos como imigração chega no meio de um rol de questões também urgentes de serem solucionadas e que exigem um posicionamento.
Em teoria, quando as políticas públicas funcionam, elas trazem certa ordem. No meio de ordem e princípios bem definidos tratar de outros assuntos fica mais fácil. Quando cada um sabe seu papel tudo fica bem mais simples. É como uma visita, se uma família não tem sua dinâmica de comportamento e respeito os recepcionados poderão se comportar da forma que lhe convierem.
Temos um exemplo para observar na França, conhecida mundialmente por seus ideais de liberdade mas que encontra-se atualmente em total descontrole de sua população, pois, devido a entrada de muitos refugiados, crises de desemprego e falta de segurança assolam seus habitantes, suas políticas não souberam apresentar seus princípios a estes. Não é só deixar entrar ou simplesmente ignorar, é vigiar. É incentivar um crescimento de acordo com as premissas internas.
É possível recepcionar imigrantes e apresentá-los a uma nova identidade exigindo respeito a esta. Esperar de governantes medidas novas que gerem resultado talvez esteja um pouco fora da realidade, porém, exigir que esses simplesmente sigam as premissas básicas já estabelecidas, como o direito ao trabalho, transporte, saúde e educação será possível recepcionar imigrantes de uma forma a beneficiar a todos ao mesmo tempo em que reafirmamos nossa identidade.
Crises humanitárias sempre irão existir, mas para que isso não ocorra de forma tão degradante e aumente tensões que já persistem há muito, é necessário firmar políticas públicas já consolidadas. Nada fica tão caótico num meio mais ordenado e planejado. Para uma boa recepção é necessário uma boa ordenação.",o-brasil-e-os-imigrantes-no-mundo-contemporaneo,[160 120 160 120  80 640],"[140, 120, 100, 120, 100, 580]","response:
GenerateContentResponse(
    done=True,
    iterator=None,
    result=protos.GenerateContentResponse({
      ""candidates"": [
        {
          ""content"": {
            ""parts"": [
              {
                ""text"": ""[140, 120, 100, 120, 100, 580]\n""
              }
            ],
            ""role"": ""model""
          },
          ""finish_reason"": ""STOP"",
          ""avg_logprobs"": -0.01036964116557952
        }
      ],
      ""usage_metadata"": {
        ""prompt_token_count"": 11724,
        ""candidates_token_count"": 31,
        ""total_token_count"": 11755
      }
    }),
)"
13.html,"Atualmente o número de processos criminais no Brasil é muito grande, com isso a prisão após a condenação do réu em 2ª instância, se torna insensata, pois as prisões brasileiras estão superlotadas, e esse fato supracitado só piora tal situação.
Em primeiro lugar devemos destacar que uma decisão nesse sentido favorece a injustiça. Além disso no direito penal brasileiro existe um grande número de recursos que devem ser respeitados. Uma vez que é direito do réu permanecer em liberdade até que se esgotem todos os recursos disponíveis.
Dessa maneira para mudar a realidade do nosso país o Governo Federal deve criar leis que proíbam a prisão em 2ª instância. Como disse Desmóstenes : ""É necessário que os princípios de uma política sejam justos e verdadeiros"", Ou seja, deve ser preso quem realmente merece ser preso!",um-reu-deve-ou-nao-ser-preso-apos-a-condenacao-em-2-instancia,[ 80  80  80  80  80 400],"[80, 60, 40, 60, 40, 280]","response:
GenerateContentResponse(
    done=True,
    iterator=None,
    result=protos.GenerateContentResponse({
      ""candidates"": [
        {
          ""content"": {
            ""parts"": [
              {
                ""text"": ""[80, 60, 40, 60, 40, 280]\n""
              }
            ],
            ""role"": ""model""
          },
          ""finish_reason"": ""STOP"",
          ""avg_logprobs"": -0.00922547853910006
        }
      ],
      ""usage_metadata"": {
        ""prompt_token_count"": 929,
        ""candidates_token_count"": 26,
        ""total_token_count"": 955
      }
    }),
)"
5.html,"Um dos temas mais debatidos atualmente, a migração é um fenômeno que vem crescendo à medida que povos tentam fugir de crises humanitárias como as que assolam a Síria e a Venezuela. Se, por um lado, há aqueles que defendem o acolhimento das pessoas que tentam obter residência em outros países; existem grupos cada vez maiores de indivíduos contrários a políticas mais brandas de imigração, devido à atual fragilidade da econômica mundial.
A movimentação de povos em todo o mundo é um processo inerente à raça humana e é responsável por mudanças que contribuíram para a existência do homem no planeta Terra. Porém, o que antes era usado como meio de busca por locais com melhores condições naturais, como regiões com água potável, passou, após o início dos conflitos entre povos, a servir como fuga das mazelas geradas por conflitos. Um exemplo disso é a vinda, para o Brasil, de europeus, que fugiam das consequências da segunda guerra mundial, responsável pela destruição de grande parte do velho continente. 
Conquanto a crise migratória na Europa recebeu, nos últimos anos, um destaque nas discussões entre as autoridades mundiais, o que mais tem preocupado os brasileiros é o fluxo de venezuelanos que vem imigrando para o Brasil. Isso porque o maior país da America do Sul, historicamente um lugar que sempre recebeu bem imigrantes, uma das características que contribuíram para que o país se tornasse uma das maiores potências mundiais, não está preparado para receber muitas pessoas. Um exemplo disso é a precariedade dos serviços públicos, como na área da saúde, que já prejudica milhares de brasileiros e poderia piorar com um aumento populacional repentino, como aconteceu em Roraima, onde foi declarado estado de calamidade devido à grande concentração de estrangeiros.
Dessa forma, fica claro que o governo brasileiro deve assumir uma posição de cautela em relação à entrada de imigrantes no país, sejam vindos de países vizinhos ou de outras regiões como o norte do continente Africano. Uma vez que o Brasil enfrenta uma crise sem precedentes, que reduziu a arrecadação dos governos e, consequentemente, prejudicou os serviços públicos, permitir a entrada de imigrantes pode significar colocar essas pessoas sob o risco de enfrentarem condições desumanas de vida aqui também.",o-brasil-e-os-imigrantes-no-mundo-contemporaneo,[160 160 200 200   0 720],"[120, 100, 100, 80, 100, 500]","response:
GenerateContentResponse(
    done=True,
    iterator=None,
    result=protos.GenerateContentResponse({
      ""candidates"": [
        {
          ""content"": {
            ""parts"": [
              {
                ""text"": ""[120, 100, 100, 80, 100, 500]\n""
              }
            ],
            ""role"": ""model""
          },
          ""finish_reason"": ""STOP"",
          ""avg_logprobs"": -0.03038073182106018
        }
      ],
      ""usage_metadata"": {
        ""prompt_token_count"": 2329,
        ""candidates_token_count"": 30,
        ""total_token_count"": 2359
      }
    }),
)"
1.html,"Consoante a constituição federal vigente, ninguém será preso até a condenação transitada em julgado. A carta magna é clara quanto ao tempo em que se deve começar, de fato, o cumprimento do regime. Todavia, a constituição expressa a vontade do povo, o qual é realmente o detentor originário do poder constituinte, sendo assim, não é possível que se interprete a constituição apenas de forma literal, é necessário levar em conta também a opinião a quem vai recair essas mudanças.
O Brasil é signatário de vários tratados e convenções internacionais, inclusive, a constituição federal de 1988 possui diversos dispositivos extraídos desses acordos. Um deles, de suma importância, decorre da Declaração Universal dos Direitos Humanos, de 1948, o qual é o princípio da presunção de inocência. Muitas pessoas que são contra a prisão após a segunda instância se apoiam nesse princípio, dizendo que se ainda é possível recorrer, não há que se falar em prisão. O problema é que após a segunda instância não se avalia mais as provas e seus conteúdos, mas apenas as matérias constitucionais, ou seja, o condenado já é culpado, o que falta é apenas uma formalidade em que os tribunais superiores ratificam que tudo está em conformidade com a constituição.
Além disso, essas instâncias superiores, de certo modo, ferem o princípio da isonomia, visto que não são acessíveis a todos, e sim a um grupo seleto de pessoas com alto poder aquisitivo, que podem contratar os melhores advogados com capacidade de elaborar e de se fazer chegar esses pedidos ao plenário dos tribunais superiores. Como nossa lei penal retroage em favor do réu, caso mudem o atual entendimento de que a prisão após segunda instância é lícita, muitos poderão ser beneficiados, inclusive, estupradores, traficantes, corruptos. Por ser maioria o número de pessoas a favor do entendimento atual e para se garantir o sentimento de justiça, o STF precisa manter seu entendimento de 2016, pois tais mudanças, em um espaço tão curto de tempo, acarretam prejuízos à sociedade e grave instabilidade na ordem jurídica.
Percebe-se, portanto, que para que o país realmente deixe de ser conhecido como o país da impunidade, não basta que apenas seja mantida a prisão após segunda instância, como também que se endureça ainda mais as penas. Para que tudo isso seja possível, é imprescindível que a população mude seus pensamentos, mostre que realmente quer mudanças e que está disposta a lutar por isso, pois só assim, lutando, que será possível a concretização, de fato, do que traz a nossa constituição em seu artigo 5º: ""todos são iguais perante a lei"".",um-reu-deve-ou-nao-ser-preso-apos-a-condenacao-em-2-instancia,[200 200 200 160  40 800],"[160, 120, 120, 100, 120, 620]","response:
GenerateContentResponse(
    done=True,
    iterator=None,
    result=protos.GenerateContentResponse({
      ""candidates"": [
        {
          ""content"": {
            ""parts"": [
              {
                ""text"": ""[160, 120, 120, 100, 120, 620]\n""
              }
            ],
            ""role"": ""model""
          },
          ""finish_reason"": ""STOP"",
          ""avg_logprobs"": -0.06706388535038117
        }
      ],
      ""usage_metadata"": {
        ""prompt_token_count"": 3703,
        ""candidates_token_count"": 31,
        ""total_token_count"": 3734
      }
    }),
)"
10.html,"A Qualificação e o futuro do emprego estão cada vez mais preocupantes e eles são importantes para que nosso país saia dessa crise de desemprego, Cerca de 12 milhões de pessoas atualmente estão desempregadas, por isso que o futuro é tão preocupante para alguns.
Por tanto é importante ressaltar que uma qualificação em alguma área e o ensino medio completo é essencial para que a pessoa consiga um emprego, muitas vezes as empresas deixam de contratar o funcionário por conta de seu currículo não ter nenhuma qualificação.
Atualmente a tecnologia é uma das ferramentas mais usadas, hoje em dia conseguimos fazer praticamente tudo com ela, porém o excesso dela pode ocasionar muitos problemas, um deles é a falta de emprego por conta de ser algo mais robotico e agil.
Infelizmente em outros países esse método já foi adotado nos mercados e industrias, substituindo o funcionário por algo mais moderno que para o empregador daria menos gastos, esse avanço da tecnologia ainda está em andamento em nosso país.
Portanto, podemos concluir que uma qualificação é muito importante nos dias atuais, e a questão do emprego, deveriam criar mais empregos para suportar o numero de população de desempregados e não substituir los por maquinas ",qualificacao-e-o-futuro-do-emprego,[120 120 120 160  80 600],"[80, 60, 60, 60, 40, 300]","response:
GenerateContentResponse(
    done=True,
    iterator=None,
    result=protos.GenerateContentResponse({
      ""candidates"": [
        {
          ""content"": {
            ""parts"": [
              {
                ""text"": ""[80, 60, 60, 60, 40, 300]\n""
              }
            ],
            ""role"": ""model""
          },
          ""finish_reason"": ""STOP"",
          ""avg_logprobs"": -0.01910071074962616
        }
      ],
      ""usage_metadata"": {
        ""prompt_token_count"": 4156,
        ""candidates_token_count"": 26,
        ""total_token_count"": 4182
      }
    }),
)"
10.html,"A Qualificação e o futuro do emprego estão cada vez mais preocupantes e eles são importantes para que nosso país saia dessa crise de desemprego, Cerca de 12 milhões de pessoas atualmente estão desempregadas, por isso que o futuro é tão preocupante para alguns.
Por tanto é importante ressaltar que uma qualificação em alguma área e o ensino medio completo é essencial para que a pessoa consiga um emprego, muitas vezes as empresas deixam de contratar o funcionário por conta de seu currículo não ter nenhuma qualificação.
Atualmente a tecnologia é uma das ferramentas mais usadas, hoje em dia conseguimos fazer praticamente tudo com ela, porém o excesso dela pode ocasionar muitos problemas, um deles é a falta de emprego por conta de ser algo mais robotico e agil.
Infelizmente em outros países esse método já foi adotado nos mercados e industrias, substituindo o funcionário por algo mais moderno que para o empregador daria menos gastos, esse avanço da tecnologia ainda está em andamento em nosso país.
Portanto, podemos concluir que uma qualificação é muito importante nos dias atuais, e a questão do emprego, deveriam criar mais empregos para suportar o numero de população de desempregados e não substituir los por maquinas ",qualificacao-e-o-futuro-do-emprego,[ 80  80  80  80  80 400],"[80, 60, 60, 60, 40, 300]","response:
GenerateContentResponse(
    done=True,
    iterator=None,
    result=protos.GenerateContentResponse({
      ""candidates"": [
        {
          ""content"": {
            ""parts"": [
              {
                ""text"": ""[80, 60, 60, 60, 40, 300]\n""
              }
            ],
            ""role"": ""model""
          },
          ""finish_reason"": ""STOP"",
          ""avg_logprobs"": -0.00022074426166140116
        }
      ],
      ""usage_metadata"": {
        ""prompt_token_count"": 4604,
        ""candidates_token_count"": 26,
        ""total_token_count"": 4630
      }
    }),
)"
12.html,"Esse Bolsonaro realmente vai ser um perigo para o brasil primeiro que ele vai trazer terroristas para brasil porque com essa união com israel os terroristas não vão gostar e vão querer atacar o Brasil.
O Brasil sempre fez a política da boa vizinhança e era sempre querido pelos outros países, mas com esse radical no poder o Exercito que ele tanto idolatra e adora vai ter que proteger muito o Brasil desses inimigos terroristas porque eles não vão aceitar essa ligação entre Brasil e Israel.
Segundo que se ele continuar com essa ligação com israel os Árabes que são grandes importadores do Brasil eles não vão mais comprar nada do brasil e eles são grandes importadores do Brasil e isso vai gerar muito desemprego.
Depois essa conversa de liberar arma para o cidadão comum quem tinha que nós proteger era o Exercito e a policia mas pelo que estou vendo quem vai ter que se proteger é o próprio cidadão Brasileiro por que o exercito que ele tanto adora adora, não pode fazer isso e a policia não vai poder resolver isso sozinha, como estamos vendo no brasil 
Isso sem falar no rombo que o PT e o PMDB deixaram o brasil, quem vocês acham que Bolsonaro e Paulo guedes vão botar para pagar essa conta claro que somos nós.
Muito obrigada.",o-brasil-e-os-imigrantes-no-mundo-contemporaneo,[120  40  40 120   0 320],"[40, 40, 40, 40, 40, 200]","response:
GenerateContentResponse(
    done=True,
    iterator=None,
    result=protos.GenerateContentResponse({
      ""candidates"": [
        {
          ""content"": {
            ""parts"": [
              {
                ""text"": ""[40, 40, 40, 40, 40, 200]\n""
              }
            ],
            ""role"": ""model""
          },
          ""finish_reason"": ""STOP"",
          ""avg_logprobs"": -0.000401774922815653
        }
      ],
      ""usage_metadata"": {
        ""prompt_token_count"": 5782,
        ""candidates_token_count"": 26,
        ""total_token_count"": 5808
      }
    }),
)"
10.html,"No mundo atual, milhares de indivíduos estão saindo do seu país natal e deslocando-se para o Brasil. Tomam essa decisão, de deixar famílias, amigos e parentes, no intuito de trabalhar e conquistar uma vida melhor para a sua sobrevivência.
Esses seres humanos estão por toda parte no nosso país. Em ruas, praias e empresas, vendendo de tudo para se manter. Infelizmente, essas ocorrências são desagradáveis, pois precisam fugir de guerras, pobreza e crises para continuar a sua motivação de vida. Para algumas pessoas, isso pode ser algo aprazível, mas para outras não.
A migração está evoluindo cada vez mais, todos os dias em função dos aspectos humanistas. Cada pessoa é única e a sua vida deve ser construída da maneira, que resultam o sucesso e a tranquilidade Nada é fácil atualmente, mas não podemos desanimar. A luta de hoje, será o sucesso de amanhã.",o-brasil-e-os-imigrantes-no-mundo-contemporaneo,[ 40  40  40  40  40 200],"[100, 80, 60, 60, 60, 360]","response:
GenerateContentResponse(
    done=True,
    iterator=None,
    result=protos.GenerateContentResponse({
      ""candidates"": [
        {
          ""content"": {
            ""parts"": [
              {
                ""text"": ""[100, 80, 60, 60, 60, 360]\n""
              }
            ],
            ""role"": ""model""
          },
          ""finish_reason"": ""STOP"",
          ""avg_logprobs"": -0.01849197016821967
        }
      ],
      ""usage_metadata"": {
        ""prompt_token_count"": 6891,
        ""candidates_token_count"": 27,
        ""total_token_count"": 6918
      }
    }),
)"
4.html,"À medida que a humanidade se torna mais consciente em relação às novas mudanças provocadas em larga escala pelo desenvolvimento de novas tecnologias faz-se necessário que outras formas de reinvenção do trabalho sejam discutidas. Vivemos em um estágio crítico onde a mão de obra humana está ameaçada por suas próprias invenções, o que alguns especialistas chamam de revolução tecnológica.
Dados oficiais sobre o número de desempregados no Brasil aponta um cenário alarmante, cerca de 12 milhões de desempregados. As modalidades de trabalho visam atualmente cada vez mais aderir à tecnologia automatizada, embora em grande parte não seja completamente, pois ainda se exige a presença de profissionais operando de forma parcial dividindo assim a força de trabalho, embora já existam ""empresas 100% tecnológicas"".
Analisando de forma crítica podemos imaginar um futuro nada otimista para algumas profissões que certamente serão substituídas pelo trabalho inteligente das últimas invenções modernas. Espera-se que profissionais se adequem às novas tendências do mercado.
No entanto, ainda é possível segundo especialistas que estudam o mercado reverter esse quadro com uma atitude simples, reinventar a educação. Para isso alguns passos podem ser adotados, como exemplo estudar novas formas de negócios voltados para o futuro digital, se adequar à novas tecnologias de educação profissional, visando estar atualizado(a) e/ou capacitado(a) para um futuro no qual o mercado de trabalho será cada vez mais seletivo.",qualificacao-e-o-futuro-do-emprego,[120 160 160 160 120 720],"[120, 100, 80, 80, 80, 460]","response:
GenerateContentResponse(
    done=True,
    iterator=None,
    result=protos.GenerateContentResponse({
      ""candidates"": [
        {
          ""content"": {
            ""parts"": [
              {
                ""text"": ""[120, 100, 80, 80, 80, 460]\n""
              }
            ],
            ""role"": ""model""
          },
          ""finish_reason"": ""STOP"",
          ""avg_logprobs"": -0.006105027028492519
        }
      ],
      ""usage_metadata"": {
        ""prompt_token_count"": 7387,
        ""candidates_token_count"": 28,
        ""total_token_count"": 7415
      }
    }),
)"
9.html,"O avanço da tecnologia e sua aplicação nas empresas em conjunto com as exigências de alta qualificação profissional no mercado de trabalho, têm resultado em um grande número de desempregados, o qual cresce a cada dia.
Segundo os especialistas, o número de desempregados tende a aumentar progressivamente, podendo surgir em até 2050 uma nova classe de pessoas, a dos ""inúteis"" ou ""não empregáveis"". Um dos motivos dessa ocorrência é o desenvolvimento acelerado de robôs de inteligência artificial, que substituem milhares de trabalhadores. Diversas tarefas que antes eram realizadas por pessoas, hoje são feitas por equipamentos tecnológicos, os quais são mais lucrativos aos proprietários por sua eficiência e precisão.
Com isso, as empresas estão exigindo um número cada vez maior de especialistas ligados à tecnologia, como desenvolvedores de softwares, cientistas e analistas de dados, capazes de controlar os novos equipamentos. O problema é que esse tipo de trabalho exige alta qualificação profissional, excluindo os trabalhadores simples, sem estudo completo e os recém-formados, sem experiência, que não conseguem oportunidades em um mercado saturado.
É necessário que o governo invista na educação, para que as pessoas aprimorem seus estudos de forma a atender às novas exigências do mercado de trabalho e que a população também fique atenta à informação e procure se especializar no que está em alta. Por outro lado, cabe às empresas promoverem programas que visam o ingresso dos recém-formados e cursos de especialização para os funcionários interessados em continuar trabalhando, a fim de ajudar a conter o desemprego.",qualificacao-e-o-futuro-do-emprego,[160 120 120 160 160 720],"[160, 140, 120, 100, 100, 620]","response:
GenerateContentResponse(
    done=True,
    iterator=None,
    result=protos.GenerateContentResponse({
      ""candidates"": [
        {
          ""content"": {
            ""parts"": [
              {
                ""text"": ""[160, 140, 120, 100, 100, 620]\n""
              }
            ],
            ""role"": ""model""
          },
          ""finish_reason"": ""STOP"",
          ""avg_logprobs"": -0.026784660354737314
        }
      ],
      ""usage_metadata"": {
        ""prompt_token_count"": 7911,
        ""candidates_token_count"": 31,
        ""total_token_count"": 7942
      }
    }),
)"
7.html,"O Ministério da Cultura não está nem um pouco preocupado com a preservação do patrimônio público, o incêndio do Museu Histórico Nacional é a grande confirmação deste fato.
Entre as 350 mil peças do vasto acervo, restou muito pouco do conhecimento científico existente, vai que entre os manuscritos tivesse uma árvore genealógica explicando o desenvolvimento psicomotor da criança, e que ali alguns professores de escolas públicas que estivessem preocupados com as questões sociais do país, levassem seus alunos e fizessem estes compreenderem a situação educacional do Brasil?
Juntos, eles podem compreender que Componentes curriculares como a Educação física e a Artes e Educação são essenciais para a formação das crianças na Educação Infantil (0 a 5 anos e 11 meses), permitindo que os discentes tenham acesso à alfabetização.
Descobrir que estes componentes curriculares trabalham as habilidades motoras básicas manipulativas (apanhar, lançar...) e locomotoras (correr, saltar...) que são fundamentais para a estruturação do corpo, pois a criança precisa ter a lateralidade (noção de lado direito e esquerdo, haja vista que, tanto a leitura, como a escrita, quanto o cálculo são realizados da esquerda para direita) estruturada, saber fazer a reversibilidade, ou seja, se colocar no ponto de vista do outro, no caso o caderno, para assim fazer a escrita, a leitura e o cálculo.
Contudo isso, os professores e alunos da rede pública devem, de forma organizada, pedir a inclusão destes componentes curriculares na teoria e na prática, permitindo a emancipação de uma classe social que atualmente está sendo vítima de uma ordem social vigente, deixando estes como seres puramente biológicos e não sociais e culturais.",patrimonio-historico-e-cultural-brasileiro-um-caso-de-descaso,[160 120  80 120 120 600],"[100, 80, 60, 60, 60, 360]","response:
GenerateContentResponse(
    done=True,
    iterator=None,
    result=protos.GenerateContentResponse({
      ""candidates"": [
        {
          ""content"": {
            ""parts"": [
              {
                ""text"": ""[100, 80, 60, 60, 60, 360]\n""
              }
            ],
            ""role"": ""model""
          },
          ""finish_reason"": ""STOP"",
          ""avg_logprobs"": -0.03540554090782448
        }
      ],
      ""usage_metadata"": {
        ""prompt_token_count"": 9119,
        ""candidates_token_count"": 27,
        ""total_token_count"": 9146
      }
    }),
)"
0.html,"Assunto que repercute de forma constante nos atuais veículos de informações da atualidade tem gerado uma problematização constante, devido as opiniões opostas. O tema que concentra as atenções populares a espera de uma decisão, estão voltados ao Poder Judiciário.
Que debatem se o réu deve ou não, ser preso após condenação em 2º instância.
Por outro lado existem aqueles que defendem a posição de quem deve avançar o processo até o esgotamento de possibilidades do réu provar sua inocência. Para que então o acusado tenha sua ampla defesa e o devido processo legal.
Todavia, o fato de se ter prolongado o processo por 2 níveis judiciários de julgamento, está mais do que provado a decisão dos juízes em indeferir o caso do acusado, além do mais acaba contribuindo pela celeridade do processo nos tribunais e não fomentar a impunibilidade que existe devido ao réu não ser considerado culpado até o transito julgado da sentença penal condenatória.
Por trás do fato há detentores da opinião de que o Brasil é um país retrógado e impunível pelas leis e o sistema jurídico atuais que beneficiam os acusados e sentenciados, ficando assim distante de países onde as leis são severas e os índices de criminalidades são baixos.
Contudo para que o Brasil possa chegar a notoriedade de um país soberano e justo, devemos nos conscientizar de que tudo começa pela aplicabilidade de normas impostas seja elas de direito oferecido e dever imposto.",um-reu-deve-ou-nao-ser-preso-apos-a-condenacao-em-2-instancia,[0 0 0 0 0 0],"[40, 60, 40, 80, 60, 280]","response:
GenerateContentResponse(
    done=True,
    iterator=None,
    result=protos.GenerateContentResponse({
      ""candidates"": [
        {
          ""content"": {
            ""parts"": [
              {
                ""text"": ""[40, 60, 40, 80, 60, 280]\n""
              }
            ],
            ""role"": ""model""
          },
          ""finish_reason"": ""STOP"",
          ""avg_logprobs"": -0.02717019273684575
        }
      ],
      ""usage_metadata"": {
        ""prompt_token_count"": 1073,
        ""candidates_token_count"": 26,
        ""total_token_count"": 1099
      }
    }),
)"
13.html,"A noção de emprego, com remuneração e direitos, foi moldada a partir da Revolução Industrial inglesa. Boa parte das mudanças, inerentes a esse período histórico, deveram-se à criação das primeiras máquinas que substituíram milhares de trabalhadores, fazendo-os ficar sem empregos ou a trabalharem de forma insalubre e mal remunerada.
Atualmente o mundo passa pela quarta Revolução Industrial, responsável por mudar as relações humanas profundamente, por meio da alta tecnologia. Porém ainda são poucos países que conseguem conciliar as mudanças causadas pela inconstante era cibernética.
Existem no Brasil, mais de 11 milhões de desempregados, que veem seus postos de emprego serem preenchidos por robôs - mais baratos e eficientes para as empresas. Esse cenário tende a piorar, e em algumas profissões poderão tornar-se obsoletas devido à escassez de demanda por meio das empresas. Em contrapartida atividades voltadas para o desenvolvimento e aperfeiçoamento de softwares, bem como as que exigem o uso da criatividade humana, serão mais requisitadas, tendo em vista que os computadores apenas aprendem soluções, não sendo capazes de criar novas.
Portanto, cabe ao MEC implementar nas escolas metodologias em que os estudantes ganham cada vez mais conhecimento acerca do funcionamento do mundo tecnológico e laboral. Aperfeiçoando o ensino, tornando-o cada vez mais moderno, instrutivo e instigante aos interessados. Então o Brasil terá profissionais capacitados, preparados desde cedo para os diversos cenários que o futuro possa vir a apresentar.",qualificacao-e-o-futuro-do-emprego,[160 200 120 120 160 760],"[120, 100, 80, 100, 100, 500]","response:
GenerateContentResponse(
    done=True,
    iterator=None,
    result=protos.GenerateContentResponse({
      ""candidates"": [
        {
          ""content"": {
            ""parts"": [
              {
                ""text"": ""[120, 100, 80, 100, 100, 500]\n""
              }
            ],
            ""role"": ""model""
          },
          ""finish_reason"": ""STOP"",
          ""avg_logprobs"": -0.011055053273836771
        }
      ],
      ""usage_metadata"": {
        ""prompt_token_count"": 1592,
        ""candidates_token_count"": 30,
        ""total_token_count"": 1622
      }
    }),
)"
0.html,"Anos após anos uma vaga de emprego demandar cada vez mais qualificações do empregado, que na maioria das vezes concluíram o curso superior e são incapazes de trabalha nesse ramo e optam por um emprego informal. Esse fenômeno ocorre porque o mercado de trabalho se modifica constantemente de maneira que algumas profissões são extintas pois são ocupadas por maquinas.
No filme ""Estrelas além do Tempo"", de 2016, contar a história de três calculadoras humanas, que eram muito requisitadas por centros de pesquisa antes dos surgimentos das modernas calculadoras eletrônicas e dos computadores. No longa-metragem, vemos a personagem Dorothy Vougham que ao saber que a Nasa tinha comprado um novo computador que fazia 24mil cálculos por segundo, o que colocava seu emprego em risco, Dorothy resolveu aprender a programar esse mesmo computador e ensinar suas companheiras.
No mercado de trabalho e necessário está sempre se adaptando pois ele e instável fazendo com que algumas profissões sumam enquanto novas apareçam como gestores de mídias sociais.",qualificacao-e-o-futuro-do-emprego,[ 80 120 120  80  80 480],"[100, 80, 60, 80, 80, 400]","response:
GenerateContentResponse(
    done=True,
    iterator=None,
    result=protos.GenerateContentResponse({
      ""candidates"": [
        {
          ""content"": {
            ""parts"": [
              {
                ""text"": ""[100, 80, 60, 80, 80, 400]\n""
              }
            ],
            ""role"": ""model""
          },
          ""finish_reason"": ""STOP"",
          ""avg_logprobs"": -0.0452278146037349
        }
      ],
      ""usage_metadata"": {
        ""prompt_token_count"": 2014,
        ""candidates_token_count"": 27,
        ""total_token_count"": 2041
      }
    }),
)"
9.html,"Ruas vazias, carência de produtos, filas nos postos de combustíveis, temor e incerteza. O roteiro de futuros distópicos foi encenado, recentemente, no Brasil, durante a paralisação dos caminhoneiros. A greve expôs o resultado de sucessivas políticas públicas que priorizaram o transporte rodoviário, tornando a população refém das estradas e do diesel. Afinal, a greve foi uma surpresa ou uma crise anunciada?
O capitalismo de compadrio, praticado não apenas no Brasil, corresponde à aliança entre o Poder Público e os interesses privados. O lobby das concessionárias automotivas atuou – e atua – fortemente em Brasília, influenciando (ou mandando) no planejamento dos governos. Em nome do “desenvolvimento”, o país escolheu o sistema rodoviário em detrimento do transporte ferroviário e hidroviário. Sob o asfalto, mesmo o esburacado, movimenta-se o Brasil.
Esse movimento tem um expoente: o caminhoneiro. Ele sente na pele (e no bolso) os impactos dos impostos abusivos, seja nos pedágios, seja nos postos de combustíveis. Como qualquer classe trabalhadora, a carga tributária onera a apertada renda mensal, fazendo com que a base da pirâmide social assista, do acostamento, a muitos enriquecerem com a exploração alheia. Sem dúvida, a greve surgiu como um grito de basta, transbordando toda a frustração acumulada de anos de descaso e incompetência.
Tal grito veio tarde, mas assustou os incautos. Assustou quem não acreditava que uma classe trabalhadora pudesse exercer seu direito à greve; assustou quem imaginava um povo omisso e resignado. Os grevistas perceberam que tem poder de parar uma nação. Ora, todos os cidadãos podem e devem parar uma nação que trafega rumo ao abismo. Resta a dúvida: qual caminho será trilhado? Quem escolherá a nova rota?
Certamente, apenas a população consciente poderá responder tais questões. Até então, a rota era guiada por quem sempre se manteve no poder, sucessivos políticos e empresários perpetuadores um Brasil asfaltado e atrasado. A greve dos caminhoneiros deve ser um alerta aos cidadãos de que o poder da mudança reside em suas mãos. Paralisemos o país antes que ele capote.",o-brasil-paralisado-o-que-voce-pensa-sobre-a-greve-dos-caminhoneiros,[200 200 200 200   0 800],"[160, 140, 120, 140, 140, 700]","response:
GenerateContentResponse(
    done=True,
    iterator=None,
    result=protos.GenerateContentResponse({
      ""candidates"": [
        {
          ""content"": {
            ""parts"": [
              {
                ""text"": ""[160, 140, 120, 140, 140, 700]\n""
              }
            ],
            ""role"": ""model""
          },
          ""finish_reason"": ""STOP"",
          ""avg_logprobs"": -3.0554598197340965e-05
        }
      ],
      ""usage_metadata"": {
        ""prompt_token_count"": 3278,
        ""candidates_token_count"": 31,
        ""total_token_count"": 3309
      }
    }),
)"
8.html,"Torna-se notável o aumento de imigrantes venezuelanos no Brasil nos últimos anos. Fato que fomenta diversas discussões e gera posicionamentos de políticos e pessoas influentes, visto que haja aqueles que colocam-se contra e outros a favor acerca do assunto.
O Brasil, como país integrante da Organização das Nações Unidas (ONU) concorda e executa, ou pelo menos deveria executar planos de ações humanitárias e zelas e defender os Direitos Humanos estabelecidos por acordos globais entre países. Entretanto, muitos brasileiros, inclusive influências nacionais, repudiam a entrada de estrangeiros em nosso país e alegam a facilidade de terrorismos ou pela dificuldade econômica de abrigar cada vez mais imigrantes e, de alguma forma, desfavorecer os que daqui são de origem. Fatores como esses são geradores de xenofobia, tanto no Brasil quanto em outros países, transformando-se em um problema global e que afeta centenas de milhares de pessoas.
Em contradição, há aquelas pessoas que dão moradia, refeições e oportunidades de trabalho assalariado. Pessoas essas que que se solidarizam e percebem em cada imigrante a dor de deixar seu país casa em busca de uma melhor condição de vida. As mesmas pessoas que acreditam em um país e um mundo melhor e que, para isso, é preciso abrir mão do pouco que se tem para ajudar quem nada tem.
Diante dessa divergência de opiniões que vêm ocasionando conflitos no mundo contemporâneo, é dever do Governo e, consequentemente, da administração de cada país que decidam, da maneira mais justa possível, analisando os prós e contras das situações, se o país aceitará a entrada de imigrantes ou não. Se sim, criando leis e órgãos que prezem pela boa condição do imigrante e certifique-se que o mesmo respeite e tenha um convívio agradável com aquela nação, com fiscalização constante e controle de entradas. Assim, será evitado diversos problemas que estão ocorrendo em razão da imigração, os imigrantes poderão viver suas vidas passivamente e o país desenvolver-se normalmente.",o-brasil-e-os-imigrantes-no-mundo-contemporaneo,[160 120 120 160 160 720],"[120, 100, 80, 100, 100, 500]","response:
GenerateContentResponse(
    done=True,
    iterator=None,
    result=protos.GenerateContentResponse({
      ""candidates"": [
        {
          ""content"": {
            ""parts"": [
              {
                ""text"": ""[120, 100, 80, 100, 100, 500]\n""
              }
            ],
            ""role"": ""model""
          },
          ""finish_reason"": ""STOP"",
          ""avg_logprobs"": -0.04218997955322266
        }
      ],
      ""usage_metadata"": {
        ""prompt_token_count"": 4640,
        ""candidates_token_count"": 30,
        ""total_token_count"": 4670
      }
    }),
)"
5.html,"Desde a quarta Revolução Industrial, o mundo vem se curvando para uma perspectiva distópica em que as máquinas substituirão o trabalho dos homens e mulheres. Entretanto, o que acontece na contemporaneidade, é a atenção para as necessidades humanas no trabalho. 
Um dos marcos do meio trabalhista no século XXI, é o surgimento dos coachings. Inicialmente, uma área da psicologia que visa o treinamento do controle emocional do ser humano que atua como profissional. A presença desses psicólogos em empresas se tornou mais frequente, pois, é imprescindível que para que se atinja um nível qualificado de um serviço ou produto, é preciso enxergar o trabalhador como gente, contrariando o mesmo como sendo uma máquina de força bruta.
Além disso, convém lembrar que ao longo dos processos de Revolução do Trabalho, considera-se o mais eficiente, o Toyotismo, cujo a principal característica foi moldar a produção à demanda. Considerando isso como um modelo, o futuro do trabalho precisa modificar suas ocupações e legislações, para os diferentes perfis de profissionais dentro e fora do mercado. 
Pensando nisso, o governo, deve por meio do Ministério do Trabalho, criar políticas que atendam às urgências dos trabalhadores, que serão identificadas pelos psicólogos presentes, e posta em prática pelas autoridades responsáveis do meio. Deve também, finalizando, criar incentivos de pesquisa para que se tenha um futuro promissor e harmonioso em todos os ambientes de trabalho.",qualificacao-e-o-futuro-do-emprego,[160  40  40 160  40 440],"[140, 100, 100, 120, 100, 560]","response:
GenerateContentResponse(
    done=True,
    iterator=None,
    result=protos.GenerateContentResponse({
      ""candidates"": [
        {
          ""content"": {
            ""parts"": [
              {
                ""text"": ""[140, 100, 100, 120, 100, 560]\n""
              }
            ],
            ""role"": ""model""
          },
          ""finish_reason"": ""STOP"",
          ""avg_logprobs"": -0.024128194778196273
        }
      ],
      ""usage_metadata"": {
        ""prompt_token_count"": 5143,
        ""candidates_token_count"": 31,
        ""total_token_count"": 5174
      }
    }),
)"
9.html,"Ruas vazias, carência de produtos, filas nos postos de combustíveis, temor e incerteza. O roteiro de futuros distópicos foi encenado, recentemente, no Brasil, durante a paralisação dos caminhoneiros. A greve expôs o resultado de sucessivas políticas públicas que priorizaram o transporte rodoviário, tornando a população refém das estradas e do diesel. Afinal, a greve foi uma surpresa ou uma crise anunciada?
O capitalismo de compadrio, praticado não apenas no Brasil, corresponde à aliança entre o Poder Público e os interesses privados. O lobby das concessionárias automotivas atuou – e atua – fortemente em Brasília, influenciando (ou mandando) no planejamento dos governos. Em nome do “desenvolvimento”, o país escolheu o sistema rodoviário em detrimento do transporte ferroviário e hidroviário. Sob o asfalto, mesmo o esburacado, movimenta-se o Brasil.
Esse movimento tem um expoente: o caminhoneiro. Ele sente na pele (e no bolso) os impactos dos impostos abusivos, seja nos pedágios, seja nos postos de combustíveis. Como qualquer classe trabalhadora, a carga tributária onera a apertada renda mensal, fazendo com que a base da pirâmide social assista, do acostamento, a muitos enriquecerem com a exploração alheia. Sem dúvida, a greve surgiu como um grito de basta, transbordando toda a frustração acumulada de anos de descaso e incompetência.
Tal grito veio tarde, mas assustou os incautos. Assustou quem não acreditava que uma classe trabalhadora pudesse exercer seu direito à greve; assustou quem imaginava um povo omisso e resignado. Os grevistas perceberam que tem poder de parar uma nação. Ora, todos os cidadãos podem e devem parar uma nação que trafega rumo ao abismo. Resta a dúvida: qual caminho será trilhado? Quem escolherá a nova rota?
Certamente, apenas a população consciente poderá responder tais questões. Até então, a rota era guiada por quem sempre se manteve no poder, sucessivos políticos e empresários perpetuadores um Brasil asfaltado e atrasado. A greve dos caminhoneiros deve ser um alerta aos cidadãos de que o poder da mudança reside em suas mãos. Paralisemos o país antes que ele capote.",o-brasil-paralisado-o-que-voce-pensa-sobre-a-greve-dos-caminhoneiros,[160 120 160 120  80 640],"[160, 140, 120, 140, 140, 700]","response:
GenerateContentResponse(
    done=True,
    iterator=None,
    result=protos.GenerateContentResponse({
      ""candidates"": [
        {
          ""content"": {
            ""parts"": [
              {
                ""text"": ""[160, 140, 120, 140, 140, 700]\n""
              }
            ],
            ""role"": ""model""
          },
          ""finish_reason"": ""STOP"",
          ""avg_logprobs"": -0.0002903815118535872
        }
      ],
      ""usage_metadata"": {
        ""prompt_token_count"": 6411,
        ""candidates_token_count"": 31,
        ""total_token_count"": 6442
      }
    }),
)"
1.html,"Hoje em dia a taxa de desemprego esta muito alta, isso é fato, mas não acho que seja realmente por falta de oportunidades, mas sim por falta de qualificação, existem muitos desempregados hoje, imagina futuramente! Parte da população hoje não possui ensino superior, o que ja é bem exigido, entre pessoas que tem ensino superior e pessoas que tem uma pós graduação, provavelmente vai contratar a pessoa que tem uma pós graduação.
Agora vamos falar do futuro que nós espera. Estamos no século da tecnologia e inovação onde cada vez mais maquinas ocupam o lugar de alguém, não só por falta de qualificação, mas também pela substituição de pessoas por maquinas. Também acho importante destacar que isso não so por deixar uma pessoa desempregada mas também faz com que á empresa economise dinheiro e tempo, sendo assim possa produzir mais.
Para finalizar acho importante dizer então que futuramente sem qualificação, o desemprego tenha uma taxa bem mais elevada que atualmente. Espero que as pessoas dê mais valor para os estudos, já que atualmente a taxa de jovens sem estudos é bem alta.",qualificacao-e-o-futuro-do-emprego,[120 120 120 120   0 480],"[100, 80, 60, 80, 80, 400]","response:
GenerateContentResponse(
    done=True,
    iterator=None,
    result=protos.GenerateContentResponse({
      ""candidates"": [
        {
          ""content"": {
            ""parts"": [
              {
                ""text"": ""[100, 80, 60, 80, 80, 400]\n""
              }
            ],
            ""role"": ""model""
          },
          ""finish_reason"": ""STOP"",
          ""avg_logprobs"": -0.030601680278778076
        }
      ],
      ""usage_metadata"": {
        ""prompt_token_count"": 6830,
        ""candidates_token_count"": 27,
        ""total_token_count"": 6857
      }
    }),
)"
17.html,"O Brasil tem vivido nos últimos meses uma discussão a respeito da prisão ou não de réus condenados em 2ª instância. A decisão, que será proferida pelo Supremo Tribunal Federal pode mudar o curso da legislação criminal do país. As opiniões são divididas, porém, temos que definir o que é melhor para a sociedade visando à segurança e o bem comum.
Por um lado, há a defesa da liberdade até o trânsito em julgado, como dita a nossa Constituição de 1988. Isso dá o direito ao réu de esgotar todas as possibilidades de recursos pelo contraditório e pela ampla defesa. Devemos nos colocar na situação de um réu, que se julga inocente, e que buscará provas para garantir sua liberdade. Não seria justo que o mesmo permanecesse preso sabendo que não cometeu o crime. Estaríamos privando um inocente de sua liberdade e contradizendo os princípios da Constituição Federal. Acredito que a condenação de forma errônea em 2ª instância pode até ocorrer por falhas da justiça, mas, em casos raríssimos que não representam a maioria. A condenação é feita por pessoas com elevado conhecimento de direito e que usam de provas concretas para tal.
Por outro lado, como já houve a condenação em 2ª instância, tem-se a prova de que houve sim um crime e a pessoa precisa pagar por ele. Entendo que o julgamento pela condenação em 2ª instância já esgotou as possibilidades de inocência e a entrada de recursos seria uma mera tentativa de reduzir ou minimizar a pena. Se houve uma condenação, esta pessoa representa um risco para a sociedade, podendo cometer mais crimes e tentar fraudar informações para garantir sua inocência. E ainda, se tivermos um sistema judiciário sério e eficiente, como poderíamos condenar numa instância e inocentar em outra?
A não prisão em 2ª instância requer mais tempo de recursos para o réu e consequente maior morosidade nas decisões da justiça. Esta morosidade pode acarretar danos à sociedade como aumento de crimes, fraudes e tentativas de escapar da justiça.
Por fim, a condenação em 2ª instância em minha opinião é suficiente para a prisão do réu. Cabe ao Supremo Tribunal Federal decidir o que melhor atende ao interesse público e seja mais eficiente e eficaz para o combate aos crimes e à constante luta por um país melhor.",um-reu-deve-ou-nao-ser-preso-apos-a-condenacao-em-2-instancia,[160 120 160 120 120 680],"[160, 140, 120, 140, 140, 700]","response:
GenerateContentResponse(
    done=True,
    iterator=None,
    result=protos.GenerateContentResponse({
      ""candidates"": [
        {
          ""content"": {
            ""parts"": [
              {
                ""text"": ""[160, 140, 120, 140, 140, 700]\n""
              }
            ],
            ""role"": ""model""
          },
          ""finish_reason"": ""STOP"",
          ""avg_logprobs"": -0.019121475758091096
        }
      ],
      ""usage_metadata"": {
        ""prompt_token_count"": 8118,
        ""candidates_token_count"": 31,
        ""total_token_count"": 8149
      }
    }),
)"
2.html,"Muito se discute o crescimento desenfreado do desemprego no Brasil, decorrência do aumento da força de trabalho e a preocupante substituição do serviço humano por máquinas.
Registros apontam que o crescimento populacional afeta na criação de empregos para os recém chegados ao mercado de trabalho, fazendo com que essas pessoas procurem uma maneira mais fácil de ganhar na vida, buscando suprir suas necessidades no crime.
Ademais, a procura por emprego se torna ainda mais difícil por conta da crescente substituição do trabalho humano por máquinas e inovações tecnológicas. Futuramente as vagas só surgirão para quem tem uma alta qualificação, gerando um grande número de trabalhadores incapazes.
Tendo em vista os argumentos apresentados, fica claro que essa situação não evidência uma solução de curto prazo. Cabe às instituições de ensino investir, de fato, em uma boa formação, inserindo pessoas qualificadas ao mercado de trabalho. E por fim, cabe à sociedade dar as mesmas oportunidades para todos e cuidar para que esse erro não se repita no futuro.",qualificacao-e-o-futuro-do-emprego,[160 120 120 120 120 640],"[120, 100, 80, 100, 80, 480]","response:
GenerateContentResponse(
    done=True,
    iterator=None,
    result=protos.GenerateContentResponse({
      ""candidates"": [
        {
          ""content"": {
            ""parts"": [
              {
                ""text"": ""[120, 100, 80, 100, 80, 480]\n""
              }
            ],
            ""role"": ""model""
          },
          ""finish_reason"": ""STOP"",
          ""avg_logprobs"": -0.026649497706314612
        }
      ],
      ""usage_metadata"": {
        ""prompt_token_count"": 8528,
        ""candidates_token_count"": 29,
        ""total_token_count"": 8557
      }
    }),
)"
16.html,"Em meio à chamada revolução tecnológica, os novos empregos que surgem requerem qualificação e especialização cada vez maiores. Isto denota uma preocupação tanto por parte dos estudantes, que não se sentem devidamente preparados para o mercado de trabalho, quanto de empresas as quais têm dificuldade para encontrar candidatos aptos a ocuparem cargos exigentes.
Pois ainda que as escolas abordem diversos assuntos, o sistema de ensino tradicional é incapaz de acompanhar as recentes exigências frente à automação do modo de produção, uma vez que mercado de trabalho está à procura de conhecimento prático e técnico. Segundo dados do Manpower Group, os empregadores reportam dificuldade em selecionar pessoas adequadas a vagas abertas. Enquanto isso, o sistema de ensino tradicional resiste em substituir o aprendizado generalizado pela iniciação técnica que dará o devido preparo ao estudante.
Além disto, a revolução tecnológica faz com que empresas necessitem buscar o aperfeiçoamento constante de seus empregados. Um estudo do Fórum Econômico Mundial mostra que, em grandes empresas, quase metade dos funcionários precisa passar por treinamento todos os anos. O desafio de manter uma produtividade cada vez maior exerce pressão sob uma população que já não sabe mais como se reinventar, sobrando para políticas públicas solucionar a defasagem, seja das instituições educacionais ou de mão de obra especializada.
Com isso, concluímos que o ensino de caráter técnico-científico é fundamental para se criar indivíduos qualificados em meio ao futuro tecnológico e automatizado. Desse modo, o Governo deve dar início a políticas públicas que busquem revisar o preparo ofertado por instituições educacionais, aprovando medidas as quais configuram o ensino técnico como obrigatório no currículo escolar, enquanto medidas econômicas são aplicadas a fim de incitar o aumento da oferta e da procura por cursos técnicos.",qualificacao-e-o-futuro-do-emprego,[160 200 160 160 160 840],"[160, 140, 120, 140, 140, 700]","response:
GenerateContentResponse(
    done=True,
    iterator=None,
    result=protos.GenerateContentResponse({
      ""candidates"": [
        {
          ""content"": {
            ""parts"": [
              {
                ""text"": ""[160, 140, 120, 140, 140, 700]\n""
              }
            ],
            ""role"": ""model""
          },
          ""finish_reason"": ""STOP"",
          ""avg_logprobs"": -0.0019876875223652007
        }
      ],
      ""usage_metadata"": {
        ""prompt_token_count"": 9099,
        ""candidates_token_count"": 31,
        ""total_token_count"": 9130
      }
    }),
)"
7.html,"As pessoas da geração 2000 em diante, tem sido chamados de Geração Eu por sempre estarem exigindo elogios e se elevando. Sendo assim pessoas com muita autoestima podem se tornam egoístas. 
Jean Twenge, escritora do livro ''Geração Eu'', afirma que Narcisismo leva ao excesso de confiança ou seja a pessoa cria muitas ilusões e muitas vezes se decepciona e isso é fruto do mimo que recebem dos pais. 
Uma jornalista aposentada revela que quando você não permite que seu filho seja independente, ele sempre estará contando com você para alguma coisa. Se você cria seu filho dando tudo que quiser provavelmente não saberá viver sem você. 
Keith Campbell, psicólogo da Universidade da Geórgia, também fala que os pais estão tratando os filhos como pessoas da realeza, estão sempre querendo ser os melhores e se acham superiores. Muitas vezes não assumem os erros e reclamam quando as pessoas não reconhecem seu valor. 
Conclui-se, portanto, que os pais devem sempre educar bem seus filhos e dar não muito mais que o necessário, pois eles podem entrar na Geração Eu e se tornarem dependentes.",voce-faz-parte-da-turma-do-eu-me-acho,[0 0 0 0 0 0],"[120, 100, 80, 100, 100, 500]","response:
GenerateContentResponse(
    done=True,
    iterator=None,
    result=protos.GenerateContentResponse({
      ""candidates"": [
        {
          ""content"": {
            ""parts"": [
              {
                ""text"": ""[120, 100, 80, 100, 100, 500]\n""
              }
            ],
            ""role"": ""model""
          },
          ""finish_reason"": ""STOP"",
          ""avg_logprobs"": -0.004702227811018626
        }
      ],
      ""usage_metadata"": {
        ""prompt_token_count"": 10286,
        ""candidates_token_count"": 30,
        ""total_token_count"": 10316
      }
    }),
)"
5.html,"Um dos temas mais debatidos atualmente, a migração é um fenômeno que vem crescendo à medida que povos tentam fugir de crises humanitárias como as que assolam a Síria e a Venezuela. Se, por um lado, há aqueles que defendem o acolhimento das pessoas que tentam obter residência em outros países; existem grupos cada vez maiores de indivíduos contrários a políticas mais brandas de imigração, devido à atual fragilidade da econômica mundial.
A movimentação de povos em todo o mundo é um processo inerente à raça humana e é responsável por mudanças que contribuíram para a existência do homem no planeta Terra. Porém, o que antes era usado como meio de busca por locais com melhores condições naturais, como regiões com água potável, passou, após o início dos conflitos entre povos, a servir como fuga das mazelas geradas por conflitos. Um exemplo disso é a vinda, para o Brasil, de europeus, que fugiam das consequências da segunda guerra mundial, responsável pela destruição de grande parte do velho continente. 
Conquanto a crise migratória na Europa recebeu, nos últimos anos, um destaque nas discussões entre as autoridades mundiais, o que mais tem preocupado os brasileiros é o fluxo de venezuelanos que vem imigrando para o Brasil. Isso porque o maior país da America do Sul, historicamente um lugar que sempre recebeu bem imigrantes, uma das características que contribuíram para que o país se tornasse uma das maiores potências mundiais, não está preparado para receber muitas pessoas. Um exemplo disso é a precariedade dos serviços públicos, como na área da saúde, que já prejudica milhares de brasileiros e poderia piorar com um aumento populacional repentino, como aconteceu em Roraima, onde foi declarado estado de calamidade devido à grande concentração de estrangeiros.
Dessa forma, fica claro que o governo brasileiro deve assumir uma posição de cautela em relação à entrada de imigrantes no país, sejam vindos de países vizinhos ou de outras regiões como o norte do continente Africano. Uma vez que o Brasil enfrenta uma crise sem precedentes, que reduziu a arrecadação dos governos e, consequentemente, prejudicou os serviços públicos, permitir a entrada de imigrantes pode significar colocar essas pessoas sob o risco de enfrentarem condições desumanas de vida aqui também.",o-brasil-e-os-imigrantes-no-mundo-contemporaneo,[160 160 120 160 120 720],"[140, 120, 100, 120, 120, 600]","response:
GenerateContentResponse(
    done=True,
    iterator=None,
    result=protos.GenerateContentResponse({
      ""candidates"": [
        {
          ""content"": {
            ""parts"": [
              {
                ""text"": ""[140, 120, 100, 120, 120, 600]\n""
              }
            ],
            ""role"": ""model""
          },
          ""finish_reason"": ""STOP"",
          ""avg_logprobs"": -0.001174256686241396
        }
      ],
      ""usage_metadata"": {
        ""prompt_token_count"": 11690,
        ""candidates_token_count"": 31,
        ""total_token_count"": 11721
      }
    }),
)"
0.html,"Assunto que repercute de forma constante nos atuais veículos de informações da atualidade tem gerado uma problematização constante, devido as opiniões opostas. O tema que concentra as atenções populares a espera de uma decisão, estão voltados ao Poder Judiciário.
Que debatem se o réu deve ou não, ser preso após condenação em 2º instância.
Por outro lado existem aqueles que defendem a posição de quem deve avançar o processo até o esgotamento de possibilidades do réu provar sua inocência. Para que então o acusado tenha sua ampla defesa e o devido processo legal.
Todavia, o fato de se ter prolongado o processo por 2 níveis judiciários de julgamento, está mais do que provado a decisão dos juízes em indeferir o caso do acusado, além do mais acaba contribuindo pela celeridade do processo nos tribunais e não fomentar a impunibilidade que existe devido ao réu não ser considerado culpado até o transito julgado da sentença penal condenatória.
Por trás do fato há detentores da opinião de que o Brasil é um país retrógado e impunível pelas leis e o sistema jurídico atuais que beneficiam os acusados e sentenciados, ficando assim distante de países onde as leis são severas e os índices de criminalidades são baixos.
Contudo para que o Brasil possa chegar a notoriedade de um país soberano e justo, devemos nos conscientizar de que tudo começa pela aplicabilidade de normas impostas seja elas de direito oferecido e dever imposto.",um-reu-deve-ou-nao-ser-preso-apos-a-condenacao-em-2-instancia,[120 120 120 120 160 640],"[40, 60, 40, 80, 60, 280]","response:
GenerateContentResponse(
    done=True,
    iterator=None,
    result=protos.GenerateContentResponse({
      ""candidates"": [
        {
          ""content"": {
            ""parts"": [
              {
                ""text"": ""[40, 60, 40, 80, 60, 280]\n""
              }
            ],
            ""role"": ""model""
          },
          ""finish_reason"": ""STOP"",
          ""avg_logprobs"": -0.0029858327828920805
        }
      ],
      ""usage_metadata"": {
        ""prompt_token_count"": 12795,
        ""candidates_token_count"": 26,
        ""total_token_count"": 12821
      }
    }),
)"
5.html,"Desde a quarta Revolução Industrial, o mundo vem se curvando para uma perspectiva distópica em que as máquinas substituirão o trabalho dos homens e mulheres. Entretanto, o que acontece na contemporaneidade, é a atenção para as necessidades humanas no trabalho. 
Um dos marcos do meio trabalhista no século XXI, é o surgimento dos coachings. Inicialmente, uma área da psicologia que visa o treinamento do controle emocional do ser humano que atua como profissional. A presença desses psicólogos em empresas se tornou mais frequente, pois, é imprescindível que para que se atinja um nível qualificado de um serviço ou produto, é preciso enxergar o trabalhador como gente, contrariando o mesmo como sendo uma máquina de força bruta.
Além disso, convém lembrar que ao longo dos processos de Revolução do Trabalho, considera-se o mais eficiente, o Toyotismo, cujo a principal característica foi moldar a produção à demanda. Considerando isso como um modelo, o futuro do trabalho precisa modificar suas ocupações e legislações, para os diferentes perfis de profissionais dentro e fora do mercado. 
Pensando nisso, o governo, deve por meio do Ministério do Trabalho, criar políticas que atendam às urgências dos trabalhadores, que serão identificadas pelos psicólogos presentes, e posta em prática pelas autoridades responsáveis do meio. Deve também, finalizando, criar incentivos de pesquisa para que se tenha um futuro promissor e harmonioso em todos os ambientes de trabalho.",qualificacao-e-o-futuro-do-emprego,[160 160 160 160 160 800],"[140, 100, 100, 120, 100, 560]","response:
GenerateContentResponse(
    done=True,
    iterator=None,
    result=protos.GenerateContentResponse({
      ""candidates"": [
        {
          ""content"": {
            ""parts"": [
              {
                ""text"": ""[140, 100, 100, 120, 100, 560]\n""
              }
            ],
            ""role"": ""model""
          },
          ""finish_reason"": ""STOP"",
          ""avg_logprobs"": -0.0001753220154393104
        }
      ],
      ""usage_metadata"": {
        ""prompt_token_count"": 13294,
        ""candidates_token_count"": 31,
        ""total_token_count"": 13325
      }
    }),
)"
7.html,"A jurisdição brasileira é representada por diversas instâncias, ou seja, a utilização de recursos faz com que o processo atinja até a 4° grau, representado pelo Supremo Tribunal Federal. Ocorre que, o mesmo está julgando o mérito de três Ações Diretas de Constitucionalidade, afim de declarar constitucional o Artigo 283 do Código de Processo Penal. O resultado do julgamento será pela permissão, ou não, da prisão em segunda instância.
A Constituição Federal de 1988 representa o texto de maior hierarquia presente no ordenamento pátrio e, por isso possui certa ""rigidez"", sofrendo uma série de limitações que impedem a sua modificação, como por exemplo a impossibilidade de suprimir Direitos e Garantias Fundamentais de seu texto. Em seu Artigo 5º, a Constituição traz um rol de garantias e dentre elas está a presunção de inocência, ou seja, a garantia de que ninguém será considerado culpado, sem sentença penal condenatória transitada em julgado. Em complementação, o Código de Processo Penal, com intuito de viabilizar o direito constitucionalmente previsto, expressou em seu Artigo 283 que, a prisão deve ser realizada em decorrência de sentença condenatória transitada em julgado, salvo as exceções da prisão temporária e preventiva.
O respeito às garantias constitucionalmente previstas constitui princípio básico de um Estado Democrático de Direito e tem como consequência a segurança jurídica. A implementação de Pena Privativa de Liberdade em indivíduos que ainda não foram considerados culpados, uma vez que a culpa só ocorre no transito em julgado, representa grave risco à a toda definição de Estado que foi construída. Sabe-se, ainda, que a Constituição Federal foi criada no contexto histórico do pós ditadura, e portanto estabelece inúmeras proteções ao indivíduo, estabelecendo expressamente que só há condenação com o trânsito em julgado, ou seja, após a decisão definitiva.
A possibilidade de prisão em segunda instância, resulta no adiantamento da culpa, de forma à responsabilizar criminalmente um indivíduo que, no ponto de vista legal, ainda é inocente. O STF como guardião da Constituição ao decidir pela inconstitucionalidade da norma constante no Artigo 283 do supramencionado Código, dará margem para uma interpretação normativa na qual excluirá completamente o contexto histórico no qual a Constituição foi criada.",um-reu-deve-ou-nao-ser-preso-apos-a-condenacao-em-2-instancia,[160 200 200 120   0 680],"[160, 140, 120, 160, 140, 720]","response:
GenerateContentResponse(
    done=True,
    iterator=None,
    result=protos.GenerateContentResponse({
      ""candidates"": [
        {
          ""content"": {
            ""parts"": [
              {
                ""text"": ""[160, 140, 120, 160, 140, 720]\n""
              }
            ],
            ""role"": ""model""
          },
          ""finish_reason"": ""STOP"",
          ""avg_logprobs"": -0.012888008548367408
        }
      ],
      ""usage_metadata"": {
        ""prompt_token_count"": 14595,
        ""candidates_token_count"": 31,
        ""total_token_count"": 14626
      }
    }),
)"
